-0.064917
-0.200828
0.011013
-0.544801
0.461990
-0.130797
-0.387629
-0.165100
-0.088593
-1.721327
2.106913
-1.206723
0.510500
0.615495
-0.822230
-1.136813
-0.027560
2.245307
0.485985
0.366898
-0.230709
-0.127939
0.176359
-2.207931
-0.695421
0.445933
0.395944
-1.450282
1.420129
-0.268171
0.610603
-0.380794
1.950382
0.630249
0.040170
0.242181
-0.653364
0.226226
1.514665
0.254793
0.031704
-0.146365
-1.422119
-0.748243
0.219324
-0.043841
-0.936915
-0.236834
0.452960
0.102652
-0.338856
0.200501
-0.642374
1.268721
1.399069
0.033868
0.459448
-2.329372
0.551983
-0.900427
0.312044
-0.050003
-0.201325
0.628790
1.039350
0.109795
0.044570
0.640014
0.928120
0.305378
1.591880
-0.386176
1.876440
-0.509192
0.592117
0.402084
-2.794257
0.858804
-0.474071
0.135689
1.870778
1.399285
-0.977132
-0.015902
-0.404844
1.384058
1.384804
1.179612
-0.261536
-1.318108
-1.284901
-0.754370
-0.072396
0.220372
0.956950
-1.105831
0.183284
-2.353104
0.347160
0.025011
-0.123314
-0.609253
-0.253706
-1.649593
-0.228626
-0.271404
0.704934
-0.188271
-0.708095
-2.768214
0.324506
-0.662417
-0.812020
-1.099456
-0.772882
1.026376
-1.401094
0.646857
1.000539
0.352667
-1.190206
1.386712
-1.039147
-0.965818
-0.600800
0.023662
-2.441669
0.310287
0.725831
0.159423
1.389124
0.870368
0.248826
-0.818653
1.156532
1.033761
-0.591167
0.582257
-1.556368
0.764484
-0.345432
0.132189
1.071679
1.458324
0.709147
-1.228829
-0.089000
-0.819254
1.158839
2.030181
0.318727
0.568723
-0.626696
1.676898
0.065927
0.062501
1.213949
-0.850371
-1.113835
0.718749
-1.861724
-1.767378
-0.579668
0.608491
-0.575368
-0.825610
-0.327470
-0.074821
0.061434
0.887108
0.578539
0.875351
-0.354838
-0.144938
-0.879394
-0.926001
0.949819
0.668923
0.005721
0.788087
-0.201693
0.330390
1.230998
0.314327
-0.966543
-0.002512
1.094323
1.112544
0.344166
0.849065
-0.856010
2.029065
-0.573256
0.889895
-0.445344
0.111073
-1.457374
1.315191
0.676573
0.670374
-1.146692
-1.430000
-0.101970
0.763278
0.591822
1.392439
-0.414783
-1.091514
0.229123
-0.796584
0.650182
1.584181
-0.615700
0.772943
0.252646
0.029735
1.395664
-0.753028
-0.502869
1.012060
-0.704025
-0.459214
-1.393914
-0.167347
-1.885597
0.083965
-2.366618
0.268838
0.750581
0.576004
2.270396
1.316564
1.088388
-0.210230
0.206411
-0.569962
-0.517904
-0.828532
2.856499
1.300940
-0.991517
-0.815784
-0.467212
0.356087
-1.284724
-0.702787
0.515302
-1.760213
1.917674
0.312304
-0.461179
0.004790
-0.285643
1.746803
-1.550847
-1.628163
0.589363
-0.716970
0.145039
1.289694
-0.296968
-1.669889
-0.598092
-0.506799
-0.822877
-2.331646
0.662397
-1.630205
-1.170208
-0.344285
0.251385
-0.571864
-0.368382
0.627733
-0.530816
0.183030
-2.803441
1.508577
0.174487
1.805626
0.721663
-1.575822
0.050886
-1.218217
0.153570
-0.658638
0.125950
0.914985
0.419014
0.467066
-1.351676
1.856081
-0.071661
-0.634742
-1.196802
-1.619323
1.190865
1.333882
-0.690359
-1.229254
-0.417970
0.842043
1.528648
-1.432044
0.839260
0.683601
-0.991167
0.371888
0.506565
-0.622782
-0.303615
0.655236
-0.690917
1.152525
0.145782
-1.087163
-1.087885
2.246866
-1.010085
-2.158013
0.197265
-0.819081
0.251783
-0.017347
-1.016059
0.384429
-1.368876
0.558728
-0.551971
0.956685
-1.393142
0.042934
0.298309
-0.664938
0.666892
1.555456
-0.572899
-0.601756
0.363645
-1.216478
0.234379
-0.397564
-0.375700
-0.249717
0.219648
1.967575
-1.965652
-0.121843
-0.321315
-0.269202
-1.260214
-0.408354
-0.202836
0.091063
0.873423
0.618506
-1.031192
0.568529
-1.115849
1.126484
0.878137
-0.310464
1.740894
0.376598
0.724894
0.233968
-0.053527
1.051930
-0.154879
0.483524
0.328503
1.646352
1.174809
0.429271
-0.397959
-0.564876
-1.772699
0.284179
0.368315
-2.303889
0.149361
0.312958
2.482134
1.041954
-0.664205
-0.886186
-0.222378
0.165272
0.242201
0.524293
-1.391460
0.450717
-1.173843
0.638316
1.897858
1.792058
-0.274920
0.949753
-0.180630
1.536679
-0.534371
-0.755675
1.500356
-1.199849
-0.514785
-0.465885
-2.537884
0.952905
-0.527677
-1.285761
1.156032
0.683946
-2.004135
-0.107015
-0.201624
0.814539
0.181639
0.517265
-0.487898
-0.492620
1.266086
0.333512
0.845042
0.885220
-0.749462
0.271112
0.698875
-0.894703
0.840683
0.618260
0.419675
0.611884
1.142318
0.393270
0.556089
-0.582997
0.382924
-0.850792
1.221565
1.062791
0.807155
0.293218
-0.002211
-0.313933
-2.829429
0.662279
-0.544364
-0.489550
-0.259359
-0.576082
-0.165003
0.228346
0.048996
1.058073
1.070865
0.231204
0.896481
2.582422
-0.316608
1.761578
0.247729
0.554956
0.464996
-0.050062
-1.063699
-0.916580
0.533117
0.483186
-1.220895
-1.016096
0.328241
0.186553
-0.068193
-0.205625
0.852947
0.981974
-0.241636
0.680602
-2.038619
-0.692443
-1.119714
-0.356596
1.134790
0.222309
1.134848
-0.229787
-0.143751
-0.546509
-0.441043
-0.086236
-1.190780
0.768123
0.910957
0.701880
0.115936
0.448260
-0.786188
-0.081842
0.592815
-0.729091
-0.147702
-0.538132
0.215954
0.043330
0.282501
-0.580693
-0.894631
-0.623691
0.048174
-0.912335
0.478366
-1.645355
-0.110673
0.320790
-1.963634
-0.419281
-0.069984
1.545056
0.779463
0.281588
-1.219906
-1.119075
1.582472
-0.793393
0.892130
0.064520
0.243707
-2.310303
0.994326
0.196931
-1.009184
0.587090
-0.935281
-0.182650
-1.529371
-2.075940
-0.207016
-0.092032
-0.944390
0.884823
-0.631401
-0.846438
1.827259
1.628671
0.480823
-0.290227
1.141836
0.366092
-0.635629
1.401441
0.512494
0.958593
0.478194
-0.098207
0.248726
-0.207522
-1.120153
-0.121238
0.681977
-1.760314
0.230867
0.232284
0.625906
-1.052319
-0.332810
0.132308
0.859080
-0.107478
0.287373
0.393781
1.540391
0.564369
1.196591
-0.497619
0.223310
-0.329758
-2.594297
-0.082993
-1.564148
-0.271738
-1.137566
0.942527
-0.693648
-0.309273
0.838324
-0.217917
-1.358461
-1.483463
0.438033
-0.028465
-0.308785
0.310809
0.942112
-1.534502
1.638047
-0.655335
-0.797738
0.058420
-2.219387
-0.595230
-0.089779
-1.285093
-1.184139
0.090991
-0.749615
-0.433489
1.394885
1.089783
0.589984
-0.563331
1.409287
-0.766894
0.119838
-0.482698
-2.625619
0.944819
0.454749
-1.140857
1.390055
0.275135
-0.098314
-0.525659
-1.256656
0.067586
-0.780637
0.803237
-0.745724
-0.141190
-0.396815
0.541529
-0.169842
1.049374
-2.195916
-1.476297
0.842061
-1.205864
-1.575590
-0.409257
-0.335467
0.250386
0.102950
-0.630577
-0.466110
-0.867162
0.434697
1.508726
0.506138
0.643243
1.401079
0.157059
-1.327925
1.429116
1.688321
0.756313
-0.916113
0.433912
0.207744
1.216660
-0.319763
0.131730
-0.997616
-0.115654
0.149047
-0.728009
0.919091
-0.585564
1.142421
1.047890
-1.713256
0.575634
0.321735
-1.894782
-1.152660
0.465862
0.879014
0.413792
1.303303
-0.949077
-0.349318
0.374976
0.974682
-0.374150
-0.157051
-1.826579
0.204100
-0.138681
0.388422
-0.094649
-0.997755
-1.391544
-0.589123
0.178514
1.122523
0.738846
0.590626
0.751582
-0.180513
-1.175816
0.566163
-0.679663
-0.987736
-1.471235
0.258215
-0.041452
-0.825609
-0.377563
0.430120
0.891833
0.889364
-0.654512
-0.432223
-1.072747
-0.899453
-0.398883
-1.317096
0.235401
1.457297
-2.324953
-0.471909
-1.437791
-2.064315
-1.663393
1.349433
-0.740347
0.194236
1.537461
-0.827290
-0.292766
-1.082865
-1.435597
0.131009
1.398749
0.195910
-0.827212
-0.200397
0.260469
-0.771081
-0.267117
0.299992
0.686151
0.306202
0.242147
0.358542
0.123361
-1.208664
-0.436798
-2.101709
0.156427
-0.396112
-0.674834
1.034874
-0.671742
0.364029
-0.959638
-1.595712
-0.617016
-0.049399
-0.711723
1.824007
3.509970
0.679605
-0.517493
-0.155042
2.326884
1.287652
1.703630
-0.169486
0.721051
-0.410139
1.567637
-2.034435
-0.064348
0.207028
-0.605314
0.934494
2.567022
0.586125
-0.680696
0.004044
0.148131
-1.328829
-0.736166
0.610324
0.720375
1.268904
1.500953
1.497407
-0.968942
0.713157
0.481917
-0.128085
-0.699955
-0.584753
-0.975145
-0.435607
0.594317
0.889868
-0.731662
0.670491
-0.967560
0.988121
-1.278622
-0.725239
0.983627
-0.767288
-1.628678
-0.091125
2.009640
0.100613
-1.013324
0.906940
0.563956
-1.335737
0.580104
-0.249456
-1.061155
0.024930
-0.925939
-0.257679
0.104764
1.008590
-0.530045
-0.401684
0.117815
1.513074
0.305143
0.777267
-0.333123
-0.495308
-0.522813
-0.446259
-0.189772
-0.861989
0.131490
1.008551
0.283381
-0.730637
2.118820
0.747834
1.320424
-0.970391
0.033459
0.890677
1.105118
-0.345464
-0.191267
-0.735111
-1.439035
-0.458115
-0.891468
1.347321
0.330774
0.777043
0.096997
-0.668441
-0.348852
1.807540
-0.714539
2.013494
1.176804
1.173859
0.295697
-1.271159
1.875519
0.362642
0.953300
0.264143
0.039657
0.373551
0.289923
0.855290
-1.570454
0.314210
-0.452345
-1.067553
1.368787
0.635419
0.432992
-0.536587
-0.927020
0.728775
-0.691696
1.185116
0.749388
-2.126051
0.260670
0.470460
0.742539
0.126261
-0.744487
0.753369
-0.601856
-0.763189
0.197574
-0.030244
0.342240
-0.058050
-0.175252
0.216068
-0.210754
-0.763408
-0.251735
0.183617
0.429833
-1.158295
0.427297
-1.527577
0.844565
-0.811960
-0.399700
-0.126439
-0.211012
-0.603721
-1.065495
0.584302
-0.196185
-0.228720
1.570378
1.044284
-0.430908
-2.365101
1.184862
-0.638946
1.452818
-0.125335
0.193079
-1.297548
1.606441
0.179991
0.046363
1.093105
-1.119770
0.085792
0.042556
1.601682
-1.837705
-1.047584
-0.215252
0.234253
-0.170327
0.185082
0.197528
-0.061338
0.792261
-0.540596
-0.962798
-0.078906
0.296711
1.926708
-0.179404
-0.296791
-0.586956
1.086054
-0.449165
-1.573815
-2.415874
1.352325
2.736338
-1.274864
0.917069
-0.790341
0.489493
0.257646
-1.171764
0.380122
-0.853048
2.081542
0.495159
1.375242
-0.460013
0.908581
-0.071459
0.604660
0.142724
-1.198581
-0.022828
1.695854
-0.734624
0.472879
-0.795407
-0.160615
0.650148
-0.858572
-1.236296
-0.286612
-1.144488
0.651694
-0.127428
-0.082558
0.277399
-0.706635
-1.904078
0.391308
-0.381981
-0.937953
1.222546
-0.466566
-1.251406
-0.863024
-0.627194
-0.492127
2.882864
-0.293133
-1.441978
-0.109156
0.354920
1.853854
0.875886
-0.324503
-0.101964
1.153441
-0.734661
1.712632
-1.470088
0.051887
-0.665554
-0.307433
-0.504098
0.899336
0.109943
0.982398
-0.615255
-0.006681
-1.247097
-1.220196
0.484969
0.234141
0.257241
-0.270186
1.535571
-1.075761
-1.263989
-0.028190
0.134024
0.279213
1.286246
-0.714585
1.652959
0.834233
0.984171
-2.547736
-1.137873
0.078881
1.751751
1.326009
1.338787
-0.539126
-1.304111
-1.471873
-1.413605
-0.656199
-0.112436
0.139081
1.521961
1.345866
-0.694205
-1.111595
0.238604
1.615597
-1.341109
0.427354
0.649865
0.184906
0.524120
1.667664
-0.835489
-1.601600
-1.797191
-1.022858
1.027812
0.978021
-1.303170
1.061752
0.464863
0.193756
-0.947818
-1.230945
-0.583197
1.416753
-0.280261
-1.448146
0.459497
0.747736
-0.837611
0.196674
-0.161672
-1.235275
0.317353
0.212761
-0.639743
-1.886228
0.168232
-1.916791
-0.269967
-0.628945
0.489418
-0.800009
1.473821
0.117318
-0.271036
0.022344
0.184331
0.451811
0.150139
0.499306
-0.457660
0.306053
-0.201097
-1.014946
1.373550
-0.696824
-0.521975
0.134233
-0.381789
-0.099963
0.800003
-0.651504
-0.314570
-0.432735
0.653363
-0.751651
1.121372
-2.737986
0.813255
-1.660675
0.291340
-1.385683
0.010576
-0.735707
-0.357720
1.277039
-0.314343
1.828575
0.123559
2.050372
0.335569
-1.256212
-0.089493
1.113111
0.336507
0.080225
0.064906
-0.747287
1.448023
-0.365791
-0.834489
0.043391
0.068305
-0.716769
-0.694325
0.167822
-1.147984
2.185871
-0.225740
-0.455561
0.214532
-0.269777
1.353309
-0.644380
-1.972521
0.082442
0.056877
0.276111
1.043890
-2.575393
0.156672
0.779522
-0.170662
-0.077019
1.265125
0.521233
0.649473
-1.079663
1.009464
1.163515
-0.513727
3.016864
0.050448
-0.042046
-1.070096
-1.326488
0.168625
1.231939
-1.078502
-1.053600
-2.216428
1.012487
0.652557
-0.574644
-1.236420
-0.525274
-0.971400
0.365620
-0.691890
0.280365
-0.130525
1.107688
1.841700
0.541856
1.039147
0.045529
1.359683
-0.663021
-0.014801
0.445441
-0.137337
0.048786
-0.435365
-1.394590
-1.047859
1.086451
0.858324
0.389648
0.697605
0.513340
-0.861162
-0.135738
-0.357071
0.574869
0.096633
-0.349726
0.371102
-0.124836
0.429867
0.466465
1.982470
-0.625667
-2.198661
-0.671086
-0.246078
0.195520
-0.118284
0.105410
-1.221183
0.698723
0.395452
1.173084
0.147585
-1.301095
-0.018539
-0.224168
-0.877076
0.896203
-0.692091
0.178484
-0.600647
-0.935946
0.717614
0.819723
0.193194
-1.352722
-0.456120
0.078033
-0.923589
0.116866
-0.731548
-0.727010
1.815169
-0.332235
-0.288024
-0.616782
-0.077337
-0.317592
0.158874
0.234383
0.789370
-0.334485
-1.115306
0.805161
-1.804702
1.294656
-0.210492
-0.388478
-1.336838
0.922029
0.953743
-0.439937
0.943044
-1.742404
-0.764854
0.594750
2.042922
-0.681350
0.512285
1.829552
0.082277
-1.216482
1.564748
0.148705
0.559181
-1.629662
1.026787
-0.629489
-0.808757
0.245798
-0.190610
0.667574
-0.144003
0.851487
0.462294
-0.079007
-0.050042
0.047683
-1.426006
-0.720524
0.211140
-1.336882
-1.203155
-2.283998
-0.377030
-1.230903
-0.070989
-0.042434
-0.326285
-0.134582
0.506593
-0.036374
0.118703
-1.486804
-0.934034
0.301803
-0.701205
1.591987
1.180937
-0.458621
1.131398
0.435232
-0.721357
0.995807
-0.386944
-0.662525
1.096898
0.858962
0.452964
1.487861
-1.046466
-2.463611
0.051445
0.856578
0.348488
1.076257
0.122269
-0.219730
0.495108
0.959513
1.284908
0.281329
-0.951920
-0.578953
-0.935106
1.078616
0.753987
0.580313
-1.269496
-1.399187
-0.660261
0.242124
0.737163
0.085998
-0.166782
0.869446
0.425849
0.092425
1.086995
-0.992434
-0.773912
0.312883
-0.864980
0.076776
-0.591325
-0.429265
0.192505
1.888668
0.849403
-0.362301
-0.571697
-0.209998
-1.568215
0.819108
1.413662
0.158099
-1.632934
1.121572
0.635209
-1.581263
0.627524
-0.494962
-0.839097
0.704177
-1.441445
-1.406819
0.038744
-0.612121
1.734624
0.643435
-0.858780
0.235828
-0.888189
0.011178
1.246136
1.512494
-0.024265
-0.014454
0.543345
0.891698
-1.076717
-1.543796
1.089873
0.697117
0.070162
0.705584
0.179028
-0.422554
3.455246
1.180600
0.894125
0.908945
1.845691
-0.143737
-0.329276
1.151496
-0.641631
0.321272
0.986599
-1.396693
0.023374
0.462604
0.366735
-1.117768
0.440733
1.519150
0.853732
0.379210
-0.275864
-0.566834
-0.792695
-1.101031
-1.630223
0.030809
0.360907
-0.411367
-1.367155
-0.681479
-0.502920
-0.271343
0.479945
-1.553966
2.022880
1.569422
0.781260
1.242064
-0.117143
-0.492741
-0.573350
1.234715
-0.636578
-1.295912
-1.183169
-0.923059
-1.137211
-0.178208
1.272047
-0.826133
-0.908472
0.817530
0.927050
-0.529315
0.009473
-0.667224
1.233844
0.671315
-0.093365
-1.420989
-0.094620
0.141476
-1.434305
-0.431523
0.126521
-0.281792
-0.608378
-1.126016
-0.260027
2.323079
-1.601604
-2.049756
0.036776
-0.254366
-0.060471
0.872885
-0.202123
-1.362306
0.151985
-1.653866
0.388217
0.747177
0.777841
-0.601763
0.430924
1.057328
0.194038
1.186016
1.997151
-0.031987
0.723516
-0.106228
1.270711
-0.492471
2.435167
-2.104986
0.456204
-2.295504
0.267262
1.531469
1.636675
1.222837
1.475306
0.031736
0.724983
-0.606307
1.112309
-0.658707
-0.038350
-0.048207
-0.363481
-1.490186
0.098390
0.224110
1.117706
-1.228973
-0.224058
0.934494
-1.407014
0.709152
-0.489617
0.081330
-0.371055
0.014910
-0.066900
0.320934
0.577063
0.315206
-0.052819
1.362346
-0.997619
0.403334
1.038372
-1.337935
-1.632003
-0.625538
-1.521300
1.878377
-0.265777
0.185036
0.044979
-0.605896
-0.193427
1.639374
2.276592
-0.614099
-0.038864
-1.714251
-2.632963
1.849797
-0.491565
-0.441672
-2.277526
-0.451421
-0.665745
0.653077
0.507089
-0.819324
-0.592791
1.619837
-0.880463
1.782741
-0.328275
0.053894
-1.101186
-1.165436
0.189600
-0.464652
-1.860746
-0.012972
-0.959526
1.889585
-2.233640
0.308797
0.047760
-1.510672
0.233859
-2.366759
0.468762
1.224665
2.582618
-0.448038
-0.572118
-0.347544
1.037506
0.344142
-0.113531
1.964808
-0.064262
-0.361306
0.695874
-0.206230
1.213149
0.184810
0.933195
0.107949
0.014418
1.254212
0.604523
-0.410069
0.141645
-0.095294
-0.680514
0.601837
1.027427
1.108962
-0.048330
0.462882
-1.426816
-0.847696
0.717821
-1.023295
1.326044
0.015531
0.490224
0.351770
-0.157174
-1.418572
2.183692
0.298530
-4.281955
-0.124651
1.748970
1.760569
0.883110
-0.939058
-2.444609
-0.340698
-1.332244
-1.020308
1.062098
-0.313123
1.645854
0.186981
0.068629
-1.825060
0.656090
-1.370041
-0.925169
1.892862
-0.727044
1.733214
1.235967
0.624223
0.780283
-1.968009
-0.439442
2.150623
0.343478
0.607974
-0.718525
-0.986605
-1.286509
1.527176
-0.738807
1.649707
-0.147136
-0.394025
-0.990098
0.760239
1.651358
0.313456
0.467442
-2.368954
1.037587
0.877745
-0.521175
0.972916
-1.364198
0.501431
-1.082995
1.354410
0.573998
0.595697
-1.567922
-0.896822
0.280690
0.600415
0.742007
2.726575
-0.161292
-0.861829
-0.889818
1.448432
-0.309089
-0.991862
0.624213
-0.014733
0.060673
-0.162137
-1.510534
-0.335035
1.601763
-0.808469
-0.797704
0.202737
-0.868844
-0.857424
0.205801
1.570976
-0.185566
-0.032571
-0.406347
-0.306560
-2.261591
-0.305158
-1.428453
0.465861
-0.655651
0.489466
0.461057
-0.382439
1.327897
-0.817764
1.191623
-0.697468
1.283085
-1.323949
0.625670
-1.121353
2.343699
2.099863
1.899505
-0.534782
0.063254
-0.137808
1.097154
-0.077013
-0.261199
0.320626
-1.933169
0.197743
-1.384052
-2.400211
0.857932
-1.112422
1.306820
-1.181635
-0.217413
0.653139
0.530610
-1.118716
0.036781
0.400662
-0.945705
-1.512200
1.759639
0.322327
0.258236
0.166708
1.168841
-0.039681
-0.658410
0.778965
0.338700
-0.491366
0.329782
-0.381173
-0.055722
-1.743475
0.398790
-0.109093
-0.258697
-0.700602
0.220459
-1.199720
0.554097
0.705363
0.480013
-0.986800
-1.236102
-0.584895
-1.291023
0.538843
-1.123485
-1.890453
-0.508919
-0.586069
0.657414
1.578732
0.179416
-0.262560
1.680211
-0.754688
1.038450
1.504797
2.740444
0.650317
-0.839657
0.489144
-1.653912
-0.250794
0.754072
1.320100
1.684759
-0.550989
-0.828699
-1.120879
0.205861
1.837319
0.056554
0.977483
0.962757
0.495742
-0.606964
-0.788061
-1.401159
0.555253
-1.704132
-1.224701
0.045685
-0.848484
-1.120808
-1.987133
-0.415360
1.021674
-0.810577
-0.851546
-0.053536
1.030227
-0.899124
0.066583
-2.160624
0.645573
0.356067
1.207563
-0.219052
1.628951
-0.061570
-1.007958
1.508190
0.581541
-2.516087
0.605661
-2.818002
1.213316
-1.037450
-1.705992
-1.409093
1.146230
0.891608
0.845868
-0.436660
1.174671
1.878545
1.876830
-0.072482
-0.787187
-1.695649
0.299028
-0.260612
0.433664
0.124944
-0.557006
-0.342983
-1.458677
0.720263
0.343655
-0.274085
0.162618
0.927581
0.767828
0.934570
-1.166428
0.885618
-1.206850
-0.144008
1.316443
-0.587266
0.337257
-0.202395
0.516271
0.564471
-1.537562
0.924960
0.212872
0.364610
0.916976
2.040790
1.285215
-1.125525
-0.542129
1.473045
1.733191
-0.401224
-0.560858
0.056556
1.154984
-1.520108
-1.798425
0.089826
0.068085
2.349961
0.462712
0.066604
0.728441
0.000817
0.389855
0.343550
-0.040385
0.044051
-1.020218
-0.063098
1.461810
-0.228768
0.683396
-1.111225
1.480601
1.068005
0.772358
1.081721
-1.586150
1.234776
-0.353379
0.854695
-1.046376
-0.137269
1.278969
-1.843120
-0.483359
-0.137701
1.040801
-0.465869
0.753098
1.722322
0.762617
0.547077
-0.564221
-2.099156
1.378159
-0.022565
-2.495024
-0.651460
-1.919366
0.187070
0.510587
-0.659101
-2.588864
-0.159284
0.033467
0.672486
0.662395
-1.045431
0.679761
0.293721
-0.650994
0.403562
-1.736630
-1.515244
1.220523
-1.459908
-1.141370
-1.929887
1.203280
-0.959382
0.717175
1.079300
-0.362206
1.480476
-0.511912
1.000808
-1.099100
0.875745
-1.135345
1.889700
0.969811
-1.851089
1.251051
-0.545462
0.656046
-0.596009
0.045430
-0.473613
-1.097517
-0.738565
-0.052737
-0.918697
-1.467432
1.403749
0.153517
-0.477680
2.002436
-1.535445
-1.135016
0.316531
-0.231137
-0.044719
0.643061
-0.200687
0.842191
-0.192024
-1.300450
-0.683736
-0.843239
0.374907
-0.081416
1.226473
-0.155146
0.988761
2.089629
-1.188380
-1.531107
1.068695
-0.704002
-1.857258
0.644353
-1.049362
-0.073326
-0.463719
0.720043
0.075659
-0.202449
-2.357748
0.781389
-1.329408
-1.205156
0.314084
-1.268699
1.200978
-0.299222
-1.072374
-0.507639
-1.547482
-0.162025
0.257351
-0.751232
0.790727
0.069007
-0.932357
-0.132401
2.564792
-1.578356
2.480657
1.511250
1.041335
-0.225330
-1.559998
-0.917376
-0.674027
-0.506387
0.541826
-1.614442
0.355177
0.635745
-0.664072
0.197010
0.735554
1.349218
0.273750
-0.400223
0.767963
-1.822405
0.866599
0.142606
-0.879745
-0.383576
0.614372
0.634561
-0.011067
0.853794
-0.109688
1.779365
0.096118
0.746427
-0.341082
-0.244837
-0.787092
0.574303
0.632980
0.542634
-0.151989
0.505005
0.659577
-0.299346
-0.325857
-2.099163
0.207399
1.250099
-0.879952
0.338657
0.757007
0.937992
-0.594598
0.588487
-0.009257
-0.581044
-0.155067
-1.075559
-2.166022
1.207542
-0.022621
-2.209600
-1.268881
0.255643
0.636821
0.620916
-1.303055
0.972288
0.749824
1.030363
-1.968159
-0.920793
-0.035713
0.276498
0.717211
-0.665003
0.297574
0.013717
-0.951585
-0.033845
0.367360
-0.765543
0.601700
0.476518
-1.151944
1.143267
0.292281
-0.856885
0.476582
-0.876807
-0.997289
-0.235114
1.034479
-1.280537
-1.474130
-1.547580
-1.825151
1.030827
-0.665059
1.405496
-1.080424
-0.113715
-0.962763
-0.252531
1.318025
-0.182980
-0.188580
0.008473
-1.155809
-1.783693
1.084888
-1.277662
0.470948
-0.307183
0.848031
0.156714
1.390412
-0.581718
1.854646
-2.198453
-0.394441
0.674807
0.262832
-0.373229
0.258733
-0.302216
-0.549781
-1.042279
0.026776
-0.848391
1.277555
-1.402588
-0.603054
1.913250
0.353450
-0.744881
-1.215967
-0.847643
1.635541
0.564106
-1.021879
0.185817
0.932268
-0.562854
-1.142762
1.677416
-0.557550
0.994510
0.361196
-1.722924
0.673428
0.065812
-0.401784
0.345620
0.030520
-0.376168
0.251220
-1.889521
1.205849
-0.405223
-1.597386
-1.344421
0.086823
-0.544053
1.345216
0.909766
-0.606883
-0.677579
0.241867
0.790508
1.106280
0.005964
0.206469
-0.493559
-0.551523
1.148536
-0.585948
0.108801
0.377125
-0.985091
-1.103266
0.371832
1.896866
-0.510316
0.551086
-0.667274
-0.109056
-0.471551
-1.323833
0.523817
-0.348017
0.138972
-0.223984
0.699670
0.492755
-0.941563
-0.215745
-0.832869
-0.746994
0.897038
1.378320
1.378013
-1.092074
-1.169821
-1.090758
0.367621
-1.114915
-0.659218
-0.627766
-0.772453
-1.407525
0.134293
-0.234369
0.377723
-0.361144
1.137421
-0.620116
-1.233076
1.260189
0.759869
0.205948
1.438737
-0.972265
1.811209
0.727231
-0.165918
-0.158849
0.025069
-1.185074
0.889675
1.357284
-1.352772
-0.575615
-2.293533
-0.850816
-0.735247
1.333332
-2.643511
0.698599
1.121754
-0.644554
-1.001226
0.732017
-0.867885
-0.159983
0.957394
-0.906656
0.606236
1.905875
0.356669
1.395023
0.248857
-1.839524
1.625797
0.570318
-1.808036
0.180630
-1.145385
1.087775
-0.144498
0.011211
-0.355558
-1.214268
1.561142
-0.248065
-1.154778
-1.186225
-1.641344
-0.351156
-0.815229
0.345674
1.348921
0.539490
-0.683519
0.906475
0.323174
2.540023
-0.754811
-1.083958
0.864989
-0.704796
1.165988
0.313793
-0.226835
-2.414901
0.533976
-0.359239
1.084681
-1.075327
-0.034284
0.647422
-1.080232
-1.852498
-0.704986
-1.016301
0.994476
-1.833480
0.840965
1.054636
0.078230
-0.011349
-1.788673
0.243098
1.231809
-0.123458
0.135368
-0.499236
0.077870
-1.801391
0.355924
-0.878381
0.240118
0.686148
1.016204
1.993725
-0.557954
-1.822072
-1.355144
1.273849
1.997871
-1.687635
-0.994241
-0.171323
-0.952055
1.667640
1.109284
-0.358985
0.318637
-0.112994
0.046173
-0.955140
-0.251806
-0.230928
0.349021
0.032034
0.689208
0.549240
-0.372425
-0.554173
-0.329149
-1.280197
-0.468206
-0.684468
-2.215576
2.194635
1.355881
-1.720368
-0.351545
-0.384195
-0.291385
-0.783413
-0.276910
-2.419231
-0.300522
-0.517291
-0.649979
1.041221
0.036678
0.775804
-1.892164
-0.500871
-0.371008
-0.409957
-0.089292
1.187527
-0.972416
1.564027
-0.000816
-0.036376
-0.128315
0.447646
1.530886
-0.429107
-1.818404
-0.032988
-0.161107
-0.076787
-1.302898
0.839228
-1.066646
-0.405206
-0.296682
0.924043
1.148133
0.314439
1.915916
0.474423
-0.307788
1.151723
0.042854
0.784369
-0.312058
-0.620590
0.202239
0.065295
-0.662922
-0.564919
-1.075748
-1.155818
1.500574
0.485063
0.108590
-0.805282
0.642769
0.317104
0.739319
1.766904
-0.148334
-1.154704
-1.216452
-0.005312
-1.214431
2.196717
-0.242531
-0.262447
1.327206
1.052427
0.634736
-2.262453
-2.128016
0.399249
0.092475
0.386531
-0.177740
0.042184
0.027449
-0.895085
0.474854
-0.160126
0.251896
-1.172093
-1.518435
0.331781
-0.409313
-0.872160
-1.018977
0.491583
0.567087
0.629840
1.458836
-0.677450
-0.245897
-0.484131
0.216419
-1.362159
0.050295
-0.775747
0.337623
-0.465154
-1.269999
-0.207296
-0.660986
0.115576
0.763841
0.696315
-0.061615
1.470736
0.242666
1.087904
-0.394386
0.353798
0.354453
-0.454835
0.534253
-2.477933
1.501514
-0.642389
-1.142205
0.025259
1.575306
-0.472904
0.034922
-0.816714
-0.680119
-0.477309
-0.101455
-1.608813
-0.988306
0.275887
-0.016770
-0.910555
1.335867
0.281645
-0.104878
1.014996
-0.029309
-0.382091
-0.005999
0.329640
0.284873
1.150323
-1.051092
-0.384208
1.364606
-0.387967
-0.034212
-0.353710
0.962159
1.184718
0.162519
1.378465
-0.560523
-0.674670
-0.610303
0.632360
2.296219
0.029808
1.451502
0.772035
0.962642
-0.471510
0.190025
1.696775
2.174939
0.254117
0.661757
-0.118281
0.441534
-1.603232
1.299411
-0.125011
0.577479
-0.243324
1.699692
0.465018
1.684972
1.292268
0.207748
-0.971892
-0.561007
-2.665216
-0.420526
1.644101
0.968704
-1.987987
-0.241269
0.300849
-0.403585
0.883141
0.348364
-1.259468
1.718692
1.749866
0.723489
-0.614927
-0.737217
-0.216362
1.069458
1.335614
-0.682270
0.005474
-0.896824
0.003804
1.158421
0.375375
-1.445514
0.321710
0.826645
-1.071793
1.050473
-1.917477
0.335306
0.376711
0.683094
-2.396695
0.287519
-0.603654
0.516588
-0.029284
-0.348800
1.717575
0.547864
0.291420
1.344389
-1.593155
-1.199492
-0.964829
-0.422053
-0.334303
1.428213
0.100115
0.787574
-0.032665
-0.491718
1.052027
0.213802
-1.316372
0.239119
0.321776
-0.507256
-0.960860
-0.355529
0.579296
-0.205683
1.623681
-0.527749
-0.142119
0.099979
-0.873947
0.718758
0.333285
0.224055
1.446114
-0.431024
0.063655
-0.056368
0.801404
1.227089
-2.157217
0.066526
0.191435
0.539227
0.298400
1.292684
-0.564453
-1.735801
-0.482258
-0.114329
-1.650576
-1.605326
-1.613867
0.739262
0.716676
1.095018
0.648418
0.899797
-1.985222
0.084352
1.038887
-1.202913
0.086070
-0.284143
-1.018515
0.100306
0.236496
-1.117150
-0.078898
-0.440994
-0.652107
-2.952039
-0.764713
0.802302
0.555543
1.060412
-1.295009
0.573013
-0.589510
0.217389
-1.131693
-0.289097
0.366060
-0.173295
0.344413
0.405706
-0.901888
0.255088
-0.161635
0.630516
-0.030133
1.194722
0.697981
0.042288
0.572290
0.541226
0.757341
-0.513604
0.444698
1.364561
0.079735
0.440090
1.440608
2.059131
-1.204993
-0.129901
-0.798249
-0.119570
-0.062305
0.415177
1.026069
1.701869
-0.094520
-0.845619
-0.717602
-2.573614
-0.081102
0.627488
0.915037
-0.254629
0.711507
0.707348
2.043864
-0.558952
-0.497528
-0.914173
-0.236661
1.705794
0.235525
0.400170
0.605663
0.285726
-0.897200
-2.184602
-0.299682
-1.354802
0.033749
0.057648
-0.371640
-1.499868
0.641259
0.166197
0.780655
0.484019
-1.404432
-0.382880
0.171288
0.327466
1.348712
-0.349348
0.872999
-1.013894
0.249228
0.401863
-1.181629
-0.362174
-0.232159
0.211894
-1.382327
1.145108
-0.758518
1.527854
-2.098413
-0.728912
-0.447584
-2.236709
0.227536
1.318620
1.725296
0.853791
0.383726
0.734757
1.174791
0.355766
0.381742
-0.552339
0.212859
-0.983736
0.495602
-1.332819
-1.026509
-0.682812
-0.600145
0.343217
-0.626398
1.428971
0.231807
0.175933
0.260178
-0.058759
-0.044347
-0.296551
-0.186462
-0.189540
-1.036228
-1.505418
-1.272473
-0.561182
0.679799
0.273174
0.156027
-0.657547
-0.405242
2.111580
-2.829408
-1.146781
-0.003644
0.798063
0.183716
-2.440614
1.622641
0.094648
-0.940295
0.710010
-1.403046
0.694369
-0.914461
-0.086203
-1.366547
-0.630779
-0.490823
-0.201686
-0.086040
-1.134611
-1.720263
1.008435
1.958856
-1.640267
-1.861834
0.530973
0.604538
0.517396
-0.075836
-0.731573
2.249027
-0.088356
1.751559
0.950335
0.417742
1.565586
-0.051932
-0.636805
0.802007
-1.247673
-0.305459
0.544359
-0.087137
1.167033
-0.036186
-0.792207
-0.977592
0.657436
-1.317231
-0.319225
0.446100
0.807432
0.690158
1.022938
-1.114769
-0.577355
-0.755914
1.958879
-1.806709
-0.020659
-0.086085
0.522464
-1.875131
0.027874
1.980109
-0.295738
0.001960
0.500310
1.745679
2.354484
0.308131
-0.339231
0.317405
-0.478679
0.500197
1.833723
-0.686017
0.644409
-0.297271
-1.299368
1.100233
-0.074652
-1.852715
0.224980
0.624674
0.345610
-0.782831
0.484474
-0.004698
-0.488540
-0.083032
1.299618
0.484776
-1.938845
0.584504
1.477970
0.683821
-0.683171
-1.162656
-0.260224
1.356853
1.114555
1.516806
-0.617818
0.397152
-1.647769
-0.962279
-0.425412
0.485941
-0.389486
0.961191
-0.679582
0.890786
1.102505
-0.735399
-1.446459
0.112582
0.521451
0.411954
-0.659909
-0.474485
-1.579575
-0.225345
-0.195498
0.332932
0.231912
0.375831
0.054367
0.340414
-1.231278
1.483351
-1.215209
-0.271632
-0.135706
0.452676
0.902964
0.614791
0.575959
0.555475
0.981255
1.626047
-0.256217
1.210699
-0.227427
-0.344050
-0.579058
0.136618
-1.230710
-0.035884
0.421925
-0.414024
-0.200118
-0.646109
-0.260436
-0.600666
0.915651
0.464381
0.073772
0.764879
2.448732
-0.795961
-1.032424
1.992046
-0.095595
-2.514643
0.926931
-0.186275
-0.031064
0.160662
0.938178
1.433087
-0.374629
-1.246338
-0.645941
0.447626
0.347245
1.176491
1.327392
-0.782594
-0.422066
-1.424088
0.239517
0.745765
-0.731672
0.488887
0.222208
1.019884
-0.807867
0.991680
-1.645313
0.084716
1.267192
1.315758
0.057796
0.643426
1.104064
-1.228924
-0.091277
0.471276
-0.852582
-1.338426
-1.797349
-0.530682
-1.865011
-1.220827
-0.102180
-0.172897
0.334601
-0.003862
0.319382
-1.434486
-0.225237
-0.167532
-0.476792
-2.122174
0.949730
-0.169013
-0.806865
-1.657193
-1.089238
1.194516
-1.833539
0.669029
-0.820224
1.694224
-0.824396
-1.352518
0.396886
1.659751
-1.285020
0.177653
0.508397
-0.880566
0.894743
-1.692144
0.853118
0.391259
2.113383
1.455665
-1.117371
0.185958
-0.851657
-0.290765
1.331081
0.214007
-0.244016
-0.062808
-0.468386
1.505336
0.546815
-0.158225
1.744508
0.692585
0.200135
-0.722330
-0.447690
-0.556675
1.574446
0.128486
-0.292682
1.828442
-0.408123
1.080385
0.147576
1.553327
-1.612108
-0.023558
0.050496
2.143047
-0.408396
0.259907
1.096225
-0.650843
0.386075
0.815808
-1.070115
0.148470
-0.108935
0.993627
1.317340
-0.538649
-0.779515
-0.734327
-0.453728
-0.445083
0.986921
2.082171
0.728180
-0.757330
1.653292
0.862100
-0.546033
1.228569
-1.758393
0.993924
1.674841
-0.266260
0.481439
0.927125
0.478703
0.533592
-0.962090
-0.690175
0.206593
-1.575112
-1.866853
-0.731585
1.243558
-0.524231
-0.235240
-0.088694
0.750280
-1.759153
-0.430259
0.661885
1.035762
-1.329872
0.859047
-0.118561
1.307102
1.120307
-1.471067
-0.853971
-0.422841
0.928192
-0.409887
2.119059
0.121886
0.801999
-0.099598
-0.271138
-1.692115
1.149725
0.124703
-0.706808
-0.611370
-1.682464
1.752630
-0.140615
-0.280331
-0.169938
0.156457
0.069842
0.101452
1.417668
-1.579448
2.353100
0.684626
-0.089979
0.632668
1.370197
1.264997
0.052390
0.301395
1.988617
-0.190395
-2.009421
-1.399306
-0.220548
2.142926
-0.912396
-0.265895
-0.896085
-0.831754
-0.684959
0.996751
0.136918
-0.827617
0.576196
-1.982475
1.394989
0.861339
0.374927
-0.232520
-0.271147
-0.572339
-0.952852
0.498048
2.069922
-0.168071
0.537295
-0.247259
0.669721
-1.790591
0.438492
0.311845
0.862484
0.451338
1.392463
1.294589
0.081697
-0.118618
0.698946
2.686534
0.265859
-1.301736
0.296557
1.664838
-0.448722
-1.538046
-0.584758
-0.882368
-0.982743
-0.117538
1.700686
0.123992
0.316330
0.419135
-0.952176
-0.014644
-0.586485
-1.269538
-0.449890
0.377100
-0.540123
-0.735009
-1.131488
-0.307024
0.220021
0.441762
-0.958066
-0.187084
-0.607108
0.764847
1.336729
1.302051
-1.122687
0.174907
-0.087308
1.969086
-0.552445
0.252530
1.025365
-0.944524
0.700339
0.487214
0.064158
2.293114
-2.270618
0.006295
-0.487788
0.241605
-1.027788
0.268438
0.128113
-0.380289
0.891920
-0.300075
0.526608
0.214848
0.719771
-0.194720
0.701540
1.518598
0.372180
0.059424
0.927764
0.295135
0.323627
0.151730
-1.753911
1.025284
-0.966058
-0.198038
-0.426731
-0.076751
-0.712264
0.920745
0.537272
0.244818
-1.171112
-1.204945
-0.614221
-0.144248
0.350672
-1.394795
-0.000845
-0.503626
-0.278813
0.062985
1.883365
0.219677
1.051625
-0.748115
-0.602724
-0.666449
0.246939
0.991025
-1.085251
1.470723
-1.218107
0.269505
0.068097
-0.262953
-0.173040
-1.919826
-1.285599
-0.614522
-0.281607
-0.161046
2.119560
-2.367482
0.489281
-1.302062
-1.067915
2.038967
0.054823
2.245438
-0.108832
1.078548
-0.643262
-0.102966
1.344822
0.345820
0.160780
2.382422
0.667970
1.369442
0.607320
0.571296
2.176377
-0.103484
0.537069
0.450403
-0.659925
-0.585149
-0.289536
-0.249508
0.754084
-2.114894
0.355530
-1.409571
-0.223255
0.699368
-0.931238
1.436011
1.599988
-0.318943
-0.292363
0.554331
0.547404
-0.569071
0.637839
-0.706750
-0.085202
1.095184
1.052459
-1.792125
0.067632
0.859499
1.551168
-0.155315
-1.850616
0.316535
-0.213872
-0.936971
-1.373486
2.110075
0.718638
0.750440
-0.909855
-2.052036
0.937693
1.983141
1.924105
0.102479
-1.087934
-0.238189
-0.278406
0.564744
-0.460168
-0.177972
-0.632217
0.070602
0.196531
-0.396608
-1.004956
0.675444
-0.684966
0.312261
0.997984
0.821279
0.809465
-0.071711
-0.586333
-1.131778
-0.799304
0.178407
0.009338
-0.385026
-0.332328
2.425871
1.103754
-2.425620
-0.165163
0.475943
0.423403
-0.258647
0.342307
-0.526244
-1.506259
0.184109
0.974154
-0.044736
0.604529
0.331652
0.563899
0.743529
-0.530382
-0.417340
0.770219
0.303175
0.479005
-0.987794
-0.594755
-1.301820
-0.019823
-1.472447
-0.871196
-0.209560
-0.162266
0.866587
-0.975522
0.033577
-1.552244
-0.100159
0.331617
-1.104699
-0.955236
0.107268
1.182178
0.497149
0.405209
-1.614681
0.473639
-1.305016
0.408031
-0.808156
-0.774138
-1.169629
1.152715
0.176956
-2.028516
-0.690045
-0.081414
-0.430088
0.328376
-0.716720
-0.514498
-0.393817
-1.375935
1.163500
-1.108887
1.142797
0.453493
-0.660963
1.457439
-1.320953
-0.305153
-0.574761
1.942962
-0.210230
0.990419
-0.653126
-0.080753
-0.384200
2.009707
-0.714906
-0.072498
0.210176
-1.319284
0.523139
-0.730267
2.726637
-2.177243
-1.370318
1.349664
0.034669
0.914588
1.421109
1.610909
0.227616
-0.360166
-0.107964
-0.666688
0.647577
0.534738
0.213926
-0.102860
0.525588
0.476242
-0.580156
0.758198
2.450294
-0.454914
2.148412
0.668904
-1.450866
1.132138
0.049658
-0.856171
-1.833475
-1.081987
-1.271031
1.796709
-1.146676
1.270965
-0.382714
-0.269938
-1.055889
1.894386
-1.347050
0.152393
0.220678
-1.732440
-0.537881
-0.988735
-0.243512
-0.182652
-0.417852
0.053931
1.436911
-1.253125
1.789553
0.661972
0.630934
0.997361
-0.676022
-1.195530
1.571430
0.629908
1.045543
0.319158
-1.213383
-0.253954
-1.256877
-0.525338
-0.855620
0.317529
0.687198
0.115106
-1.855580
1.200093
-1.016945
-0.972029
0.940387
0.239540
0.835789
0.820198
1.036310
0.920133
-0.184606
0.094624
-0.571927
-2.395553
-0.238280
-0.302122
0.734327
0.376644
-0.054895
0.080526
0.306435
-0.236845
-0.134098
-0.670318
-0.934804
-0.202864
-0.469039
0.856454
0.251267
0.143388
0.785718
-0.810251
-0.595268
-0.451521
-1.009926
-0.691344
-0.801270
-1.472292
-1.439718
-0.663062
0.524334
-1.356020
0.403811
0.274240
0.061455
-0.003672
0.430443
-0.821811
-0.338053
-1.228613
-1.071694
-1.132855
-1.156928
1.121984
-1.077884
0.485507
0.300637
1.534973
-0.480689
-0.430995
0.667410
-1.676229
-1.039476
0.571069
0.753295
1.803626
0.784215
-1.228278
-0.222141
-0.646648
-0.015717
0.777583
0.030010
-0.322132
0.879837
-1.092008
-0.696016
-1.383581
-0.238632
1.311387
0.124693
-1.628988
1.554472
-0.142038
-0.251106
-0.800636
1.633841
-1.722227
-0.199785
-1.501469
1.008985
-0.664939
0.557701
0.540742
-0.200611
2.374853
0.119501
0.115235
-0.365768
0.411413
-0.102057
0.820549
-0.332935
0.284930
0.119773
-1.883590
-1.532092
0.166737
-1.647392
-0.495922
-1.084974
-1.096589
0.757228
1.490320
-0.759630
0.724285
-0.614386
0.404580
-1.173327
0.624329
0.280249
0.948332
-0.692951
0.379943
-1.748393
-0.755135
-1.999813
-0.703730
1.585297
-1.011163
1.013102
0.169524
0.591180
0.333085
-0.090787
0.062412
1.675097
1.048693
1.014304
1.981000
-0.187024
-0.236715
0.727878
-0.322743
-1.105163
-0.538766
1.201815
2.022280
0.021968
-0.006315
1.909058
0.351527
-2.012587
-1.355471
0.752819
-0.104074
0.707675
0.606726
-0.585023
-1.381147
-0.036139
2.053056
0.210277
-0.326535
-0.683279
-1.168487
1.606587
-0.736180
-1.881194
-1.028588
2.334139
-1.062907
1.342585
1.162726
0.698499
1.356991
-0.577562
0.910591
1.024467
-0.276646
0.523534
-0.186469
-1.732004
2.180864
1.959741
2.458649
-1.171572
0.408688
0.209879
1.163004
-0.104376
0.222651
-0.115027
-0.219662
0.257785
-0.355642
-1.536811
-2.430630
-0.204217
0.477996
-1.473332
-0.649868
-1.320205
0.936879
-0.432931
1.432603
0.360777
0.724861
0.186005
1.264673
-0.786742
1.027302
-0.929287
-1.251574
0.620978
-1.793065
-0.148074
-0.621331
-2.101186
0.560822
0.372827
0.598108
-0.351829
0.881833
0.246728
-0.677521
-0.070293
-0.256247
-0.237789
-1.320470
0.586989
3.021855
1.080636
-0.429856
-0.967133
-0.516102
0.654776
0.445453
-0.622858
0.717193
-0.473032
-0.248558
2.257160
-1.162376
-1.763886
1.128219
1.021777
-0.411001
0.266660
-0.435656
1.509907
0.626605
0.084966
-0.454830
-0.774053
-0.065348
0.258970
0.217071
0.983309
-0.096490
0.249580
0.419208
2.040728
-1.232008
1.186558
-0.677949
-1.377679
0.997088
1.480223
-0.868705
1.390148
-0.053306
-0.898395
-0.026634
-1.453455
0.345335
-2.301783
0.282457
0.568339
0.040926
0.669532
0.965972
-0.294503
0.316063
0.756944
0.111973
1.947431
0.583116
-0.483814
0.381819
-1.174915
-0.948505
-0.360563
1.065498
-0.864265
0.335165
-0.142646
1.110017
1.497885
-1.132253
0.865219
1.055556
-1.038761
-0.060734
-0.212692
1.041318
-0.899801
0.740512
0.346291
0.820973
-0.873636
-0.227938
-0.257438
-1.285247
0.059292
-0.377601
1.978478
0.668290
-1.588272
0.762964
0.842742
1.442275
-1.498426
-0.446620
0.327799
-2.664676
0.340877
-0.247306
-2.029493
0.311100
0.844883
-0.471534
-0.121346
-1.128870
-0.768824
-0.925044
0.653314
0.741309
0.712556
2.715879
-1.406544
-0.200830
-0.070455
0.249916
-1.402794
1.910789
0.716950
0.562492
-1.362368
-1.253264
0.515861
2.091494
-0.246688
-0.929447
-1.915161
-0.772563
-1.280022
0.858743
-0.386236
2.362517
0.164352
-1.166738
-0.911159
0.586456
-0.797314
0.221650
0.242583
0.147292
0.227533
0.769920
-0.436179
-0.003058
-1.611898
-1.126195
0.633956
1.037397
-1.667439
-0.516311
-0.050408
-0.352879
-2.379971
0.346372
1.990397
0.330576
-0.192926
2.548009
-0.040014
-2.126186
-0.560388
0.820408
-0.701883
-0.477472
-1.555798
0.689563
0.132766
0.379949
-0.486792
0.161250
0.547519
-0.287274
-0.725504
-0.056884
-0.127358
-0.322191
-0.276047
-0.063363
-1.086256
1.317610
0.752687
0.955988
0.568210
-0.510660
2.109655
0.829698
-0.289335
-0.280011
-2.024201
0.372310
0.523054
1.590113
-0.130309
1.156276
-1.402953
0.881610
-2.463101
0.394289
-0.319327
-0.358373
1.214003
-0.746517
-1.388879
-1.095485
1.209449
0.750589
-0.542188
0.440424
0.030594
-1.937425
1.759581
-0.947526
0.105136
-2.318701
-0.196712
0.773653
1.577393
0.939629
-2.332145
1.102953
0.589485
1.432809
0.436426
-0.162056
-1.720121
1.324841
-0.919881
1.270878
-1.027262
-0.436126
-0.774204
-1.293763
1.314878
-1.837043
0.536231
0.327441
-0.411258
0.647809
0.480578
0.276459
0.127409
-1.939471
3.059406
-0.741078
-3.518102
-0.847476
0.426275
-1.613157
-1.235025
1.257355
-1.591218
0.135080
-0.147332
-0.553146
-0.627064
-0.283947
0.583008
0.041904
1.010790
-0.157788
0.145368
-0.950574
2.377550
0.383946
2.733087
-1.029482
-1.260801
0.948561
-0.246834
1.119747
-0.814094
1.715016
0.220699
-1.195230
0.691510
-0.129723
-1.278024
0.864213
0.108927
-2.124762
0.118338
-1.753896
-0.271723
0.469816
-1.101529
2.540801
-0.137007
-0.659832
-0.079161
-0.172024
-0.648810
-1.602590
0.779135
0.589298
-1.507372
-0.089979
0.074915
1.066644
-0.770950
-0.310761
0.171042
1.375064
0.813391
-1.205560
-0.076416
-1.016807
-0.187971
-2.084602
-1.804505
1.080466
0.322600
0.169138
-0.524734
0.849808
-0.025321
1.702104
0.048610
-1.136007
0.744761
-1.013752
-1.605715
-0.166033
0.755470
-0.851172
0.573454
1.086829
0.089632
-0.482895
0.082290
-0.347443
0.209926
0.734201
0.568532
0.026851
2.074080
1.334813
-0.028176
0.286565
-0.221215
0.308715
-0.432099
1.220509
0.894846
-0.666201
0.672570
0.397022
-0.531221
-0.200889
0.098205
0.417184
-0.205000
-0.097668
0.099579
-0.861328
0.324266
-0.574538
0.811347
0.534712
0.346593
-0.649853
0.888898
-1.020024
0.133051
1.312720
1.065386
-1.061411
-1.078152
1.017561
-0.003691
-2.300097
1.326138
0.620610
-0.370243
0.545747
1.387882
1.465907
2.525991
0.385046
-0.221827
0.135338
-0.774070
-1.796619
0.016397
0.713703
-0.233556
0.286253
0.995801
-0.593098
-0.745300
1.117089
-0.926852
0.286372
-0.569791
0.248570
0.918811
-1.106888
0.374764
-0.935267
1.817164
0.181990
0.913153
0.545463
1.211310
-1.014876
1.741856
-1.901907
-0.032480
0.179203
0.927177
-0.826178
-0.049705
1.633952
-0.458826
-1.534681
-1.036913
-0.226344
-0.804902
-1.289381
0.231521
-0.162184
1.073875
-1.104863
-0.379060
1.252544
0.830984
1.636502
1.030091
1.571168
-0.968440
2.143426
-0.906362
-0.170016
-1.127508
0.426656
-0.721241
1.160470
-1.541352
1.088145
1.108155
-0.304112
-0.700413
-2.059549
0.715881
1.293062
-0.859079
0.984519
-0.219849
0.087180
0.363611
1.043125
1.482047
1.601708
-2.112984
0.314402
-0.899962
0.938759
0.126315
-1.782319
-0.453067
0.435227
-1.075345
-0.253966
-1.998189
-1.313993
-1.471031
-0.072663
0.551605
-1.217928
0.980347
-1.438133
1.929226
0.088133
0.192632
-0.036009
0.710262
-0.382349
-2.449457
-0.479311
-0.856316
-1.210364
-0.657902
1.710744
0.760259
0.471213
1.333873
0.209422
-1.178497
-0.645307
-1.080337
-1.364648
-0.213935
1.078806
-0.487765
-0.230166
1.573440
-0.187935
0.936172
-0.764808
-0.461137
0.455852
1.128287
-1.066585
-0.767656
-0.452643
0.404330
-0.444196
0.968232
0.401948
-1.138975
-0.691110
-0.181944
-0.966124
0.449546
-0.357137
-0.863367
-0.178979
0.367631
0.769755
-0.013885
-0.790011
-1.433998
0.726129
0.833461
1.451787
0.138362
-0.402705
-1.517230
-0.334686
0.791337
0.852905
0.968098
1.101397
0.123090
-0.632808
1.093083
-0.432445
0.976419
-1.870906
1.100632
-1.772839
0.524840
-1.369907
0.651276
0.160657
-0.648047
-1.400452
0.383815
-1.062911
-1.817636
-0.418150
1.297604
-0.731430
-0.008613
0.731856
-1.265886
1.343919
-0.251585
-1.300701
0.486562
-0.405917
0.182788
-0.457963
1.284059
0.067557
-0.421970
0.345789
0.920262
0.639241
0.396800
-1.382199
0.518621
-0.255622
-1.021041
-0.566380
-0.397547
-0.363399
-0.759329
0.029585
-0.172415
0.399487
0.299127
0.147199
2.383938
-1.713468
-0.524811
0.657071
0.235999
-0.337924
0.834783
0.946893
0.979330
0.210142
-0.493717
2.069773
-1.530627
-0.882124
0.675769
0.299749
-0.094000
0.693962
-0.198035
-1.294816
1.139887
2.075908
1.072205
-0.653858
-1.667096
0.560151
1.141595
0.118155
-0.653146
-0.215718
0.048151
-1.010057
0.505272
-1.600164
1.192034
-0.959473
0.272279
-0.648252
0.302790
1.486629
0.264418
-1.002729
-0.548742
-0.681999
-1.066509
-1.812919
-1.461664
2.002136
-1.074141
-1.367444
-1.060015
-0.505215
0.428688
-0.933939
0.737291
0.277676
-1.270775
1.951101
0.623386
0.236838
-1.002693
-0.419647
-0.949564
-0.651421
-1.449551
0.743622
-1.408207
0.862200
-1.392246
-0.281126
-0.514422
-2.293785
-0.747511
-0.590957
1.128941
0.406155
-0.111027
1.304810
-2.779796
1.394603
2.151763
-0.356285
-0.039790
0.366667
-1.242722
-0.375613
1.088409
0.117131
-1.489936
0.781143
0.960794
1.510813
0.106262
-0.975516
-0.232283
0.190841
1.158416
-0.775275
1.139670
-0.592845
-0.697317
-0.664367
0.631485
-0.531395
0.155843
-0.661789
0.253834
0.139155
-0.927785
0.392342
-0.157061
-1.091669
0.178946
0.944319
0.204498
1.726176
-0.614975
-0.811263
2.193514
0.637339
-0.485465
-0.126528
1.685721
-0.660915
-0.596135
-1.050455
1.750317
0.562098
0.570421
0.727787
0.872923
-1.840010
1.275731
1.708850
0.211060
-1.753893
-0.325698
2.001699
-0.152615
1.104955
1.421850
0.461779
0.569539
0.294189
2.378729
-0.276881
1.458128
0.276780
1.516218
0.676662
0.062469
0.450392
0.687467
-0.297625
1.589814
-1.041013
-0.958705
2.521638
0.751470
0.251786
-1.515942
-0.544574
0.937998
-0.200612
-0.201246
-0.183056
-2.238757
-0.346772
1.715555
0.184120
0.240215
0.459085
0.514091
0.055320
0.214223
0.151529
0.627331
1.411995
0.034796
-0.931618
-0.256043
-1.222598
1.155240
-1.043041
-1.537724
0.134916
-0.683610
0.776697
-0.316407
0.513757
0.536627
1.377754
0.684430
-0.676164
-1.067291
0.098971
2.320368
0.466678
2.090728
-0.943343
0.847159
1.621348
0.016494
0.836041
1.533412
0.410749
-0.039687
1.083059
-0.284722
-1.798695
0.297060
-1.070609
-0.413585
-0.353424
0.703240
-0.421602
-0.285843
0.361065
-0.338053
-0.032556
0.805167
-1.180875
0.050406
-1.612871
0.857125
-0.345619
1.470078
1.176442
0.193755
1.554146
-0.603774
0.529018
-0.732141
0.442801
-0.142665
-1.036070
-0.688765
-0.261461
-0.457398
-0.367787
-0.155130
0.559963
2.428356
0.814645
-0.089819
0.532378
0.032293
-0.522008
1.919492
-1.199333
1.495729
-0.028069
0.364504
0.365926
-0.160732
0.503738
0.359346
-0.903468
0.017523
0.356676
1.649025
-0.011046
0.970712
-2.409856
1.399808
1.380762
-1.267572
-0.086808
-0.178464
-0.553208
2.499968
-0.205868
0.349836
1.151419
-0.807536
0.079694
-0.272181
-1.184561
-0.890038
-1.770400
0.560616
0.072755
1.100751
0.840342
0.213232
0.028235
-0.698841
1.462898
1.148814
-0.179660
0.899797
-1.579046
-0.663699
0.921855
0.268671
-0.577222
0.391551
0.374430
1.402103
-0.641048
-0.360381
1.373941
-0.193614
-1.525168
-0.590430
0.355352
0.609055
-1.245015
-0.562812
-1.300542
0.903131
-0.332218
0.360746
0.737925
0.256767
-0.298011
0.345007
-0.904225
-0.126161
1.337311
2.245374
1.529633
0.192224
1.367340
-0.551675
0.277308
0.498537
-1.209308
-0.028640
0.755198
1.173252
0.799122
-0.238237
0.844763
0.754418
0.667162
0.324723
0.266700
1.520454
1.022164
-0.646554
-0.199822
-0.531450
1.804741
-0.149494
1.339832
-1.007231
0.626011
0.200864
0.212758
-0.191959
2.101538
-1.121098
0.750280
0.661462
0.330096
1.121952
1.196790
-0.198419
-0.002059
-0.292567
-1.775477
1.091753
0.034610
0.093890
-0.279886
-1.166331
0.868196
-0.564197
0.383967
1.054171
2.489730
-1.230959
1.300222
-0.371151
0.544341
0.219963
-1.314219
0.760062
-0.107748
0.127269
-0.962532
1.382372
0.969789
-1.268680
1.639728
0.252310
1.028999
0.016954
0.751290
1.647111
0.685880
0.090736
1.268979
-0.185982
1.470604
-1.140186
1.367029
-0.170410
-0.809426
1.064023
0.534025
-0.785050
1.194704
-0.851762
0.789126
1.490318
-2.256685
-0.514661
-0.399009
0.050739
-0.277620
-0.824838
1.441499
-0.772965
0.468177
1.158013
-1.332371
-0.186789
-0.033095
0.944078
-0.092703
-1.783715
-0.627866
-0.208350
2.882135
-0.965749
0.078146
-0.734446
1.160359
0.200273
-0.113120
0.684964
-0.338390
0.361703
0.722424
0.886212
0.298592
1.290036
-0.714789
0.580300
-1.501461
-0.443816
0.146432
0.153706
-3.255022
0.324756
0.035803
0.415279
-0.515306
-0.270710
0.781729
-0.500795
1.603497
-0.309818
-1.226309
-0.538880
-0.503357
0.095367
-0.948587
-0.600312
1.164321
1.613391
-0.913722
-0.623162
0.116196
-1.796402
-1.444651
0.718398
-1.233107
0.308896
-0.475262
0.808917
0.143176
-0.782461
-0.076757
-0.913809
0.519518
-0.028574
-0.369397
0.100749
0.284309
-0.558040
-0.025515
-0.371655
0.891248
0.680451
0.081124
-1.775731
0.117425
0.637915
0.996280
0.320206
-1.273023
-0.745016
0.281250
-0.023865
0.435750
0.077561
1.851900
1.291105
0.004376
-2.347974
-1.018041
0.279553
0.173907
-3.205699
0.058139
0.892834
-0.759780
0.353263
0.527759
0.905733
0.865105
-0.387907
0.682004
-0.564569
-0.313651
-0.255304
-0.305723
-0.064716
-0.533597
-0.028354
2.018164
0.296172
-0.896102
1.197590
0.508845
1.133626
-0.651936
0.396279
0.484561
0.353296
-0.161254
0.275336
0.724183
0.510632
-0.544080
-1.960096
-1.273204
1.554193
-0.590967
1.223245
0.496942
0.283141
-0.766384
-1.166675
0.473241
1.104357
0.962998
0.249806
1.648210
-0.953703
0.478209
-1.452047
-0.601934
1.740335
1.721571
-0.457848
0.446445
-0.387877
-1.647084
-0.348657
1.490990
0.516725
1.815299
0.373465
0.084959
-0.245580
0.460286
1.566855
0.794272
1.107185
-1.241404
-0.063922
-1.076409
-0.484656
-0.861596
0.081472
1.548853
0.741240
-0.075522
-0.872215
0.126784
0.813931
-0.293101
-0.543084
1.780257
1.445636
0.410988
1.407606
0.060687
0.388780
-1.076281
-0.589176
-0.323943
-0.322353
-0.895792
-1.308289
0.088490
-0.397340
-0.223390
-0.479735
0.007264
-0.855883
0.146722
1.585757
-1.812587
3.061587
1.130988
1.299336
-1.316337
-2.391313
-1.474002
-1.135427
0.503951
-0.135945
0.701441
0.548458
-1.300778
-0.019371
0.051315
0.969733
-1.650923
-1.165416
-0.076809
0.947168
1.274752
-1.382295
1.557044
-0.719088
1.009638
0.623918
0.335817
-0.429630
-0.964849
0.531086
1.069445
0.944832
0.797706
1.796763
-1.609907
0.790641
-1.497563
-0.077226
-0.545958
0.239439
-1.527436
0.050512
0.438555
1.247966
2.010528
-1.376250
0.740196
0.674285
-0.526853
0.409260
-0.293006
-0.358402
-0.686021
0.386043
-0.608879
0.702192
-2.352614
0.483041
-0.247931
-0.985850
-1.291034
1.244206
-0.362378
-1.246132
0.799372
-0.724431
1.040233
3.218182
-0.108555
1.224541
0.200374
-1.465022
-0.852975
-0.182543
1.075186
-1.021075
-0.028663
0.805725
-1.275439
0.362606
2.935984
-0.654652
-0.049770
1.240782
0.170565
0.723487
-0.757902
0.200695
0.030664
-0.646539
-0.032168
0.690937
-1.402806
-0.340752
-0.446373
-1.004228
0.728235
0.191400
-0.491775
-1.204875
2.620924
0.350832
1.185581
1.290876
-1.129452
-0.359445
0.629201
0.640447
0.776584
-2.580927
0.388376
0.127216
1.309654
0.128640
0.191402
-0.888603
-0.565779
-0.343573
1.811480
-2.066716
0.013175
-1.766505
0.316445
-0.108631
-0.314416
-0.631755
-0.342388
-1.796028
-1.491902
0.400717
-0.068512
-0.365903
-0.075253
-0.099288
0.829370
2.780230
-0.418427
1.384848
-2.328864
-0.823208
1.479705
0.714871
1.529936
0.842781
0.093300
-0.451726
0.013440
-0.227932
1.652506
0.084202
1.086719
2.225004
-0.328479
-0.155601
0.455418
-0.739788
-0.442198
0.744882
0.561023
0.361551
-0.178691
2.064531
-0.245141
0.320510
-0.598654
0.774954
-0.122091
-2.209762
-0.047221
0.332324
0.101193
-0.614310
0.079910
0.099532
-0.497152
0.524595
1.445337
-2.057189
-0.523338
-1.041565
-1.841719
-0.183368
-0.524584
-0.768635
1.192452
-1.054769
-0.684061
-2.460327
1.316181
1.759751
-1.120085
-1.298692
0.909293
0.062196
-0.667930
-0.606235
0.141693
-1.688370
0.168821
2.297229
-0.951813
1.142602
-0.692142
0.789488
-1.456939
-0.788060
0.115766
0.093357
0.206880
-0.524607
1.855195
0.300819
1.303144
-1.860691
-0.062509
1.549759
-1.291393
-1.867122
-0.866698
0.246523
1.758354
-0.193662
0.744551
-0.187240
-0.148243
-1.290809
1.314183
-0.095184
1.316864
0.870969
0.967149
0.886211
1.284499
0.358365
0.665069
-1.171260
-0.614098
-0.399262
0.312049
0.703998
1.234087
0.453886
-0.923743
-0.772125
-1.279275
-0.252313
-1.019587
-0.606439
-0.880822
0.388908
-0.427859
-0.054231
0.347357
-0.956858
-0.645576
-1.084057
-0.309478
-0.950774
2.690776
-1.906617
0.534562
-0.342624
-0.689186
0.502606
-0.769797
0.178662
-0.307645
1.592113
1.614269
2.280936
0.069387
0.607893
0.583879
-1.705152
-0.857475
-0.158391
-1.309736
0.670128
0.965258
-0.637510
0.431493
-0.177968
0.168782
-0.133284
-1.408610
0.000788
-0.064878
-0.498135
-0.317426
-2.798090
-1.362648
0.257310
-1.021352
0.798545
0.282842
0.406413
1.146232
-0.093497
0.193819
0.018650
0.356453
-0.066903
0.701364
-1.001957
-0.912850
-0.549158
1.418352
0.237876
-0.162848
-0.035064
0.240017
-0.232133
0.519769
0.994399
-0.062831
2.254362
0.515326
0.246032
-0.538449
0.335460
0.379501
-0.201878
-0.140505
0.942011
-0.051066
0.024245
0.648248
-0.145217
0.028824
-0.696791
-0.642622
-0.259362
-2.068983
0.615794
-1.352266
-0.104972
0.255775
0.266235
0.098929
-0.296174
-1.492845
-0.083376
-0.666123
-0.126541
-0.016849
-0.844092
0.462831
0.070975
0.428992
2.298003
-1.306822
-1.535478
0.353365
-0.208884
-1.287089
-0.322086
-0.570863
-0.664331
1.051035
-0.469984
1.016828
-1.111411
0.215752
-0.220700
0.065159
-0.106941
0.374599
-0.604989
0.051744
-0.828304
0.623983
-1.248643
0.660753
-0.164125
0.910309
1.223172
-2.324171
-0.374478
-0.612775
0.011098
-0.527731
-0.463801
1.366047
0.991974
1.106543
1.224055
-1.493310
-0.591040
1.509398
-0.744684
-0.558043
0.627922
0.342995
0.613779
-1.311929
-0.070849
-0.661189
-0.793177
0.643639
0.759232
-1.170898
-1.666283
-1.171442
-0.207432
-0.091113
1.270161
-1.311367
0.650238
0.441391
0.602843
1.777783
1.691747
0.881228
-0.908548
-1.478433
-1.095529
0.669063
-1.064320
0.473341
-0.484655
1.266765
-1.614830
-0.591673
0.405800
-0.639317
-0.188191
-1.100106
-0.472646
1.096681
-0.371237
-1.436428
-0.146999
-1.847559
0.245462
0.107937
0.185891
0.286365
-1.014218
0.796233
-0.081977
-0.928897
0.318146
-0.193890
1.509970
-1.308043
1.019750
0.352603
0.993310
0.092063
0.686512
-0.220845
0.029629
-0.000062
-0.136266
2.708582
-0.856534
1.336860
1.294675
0.544222
-0.238194
-0.370737
-0.920103
0.344154
1.670575
-0.520514
0.544649
0.552840
0.420435
-0.897721
0.995605
-0.448605
1.651328
1.855580
1.076433
0.227881
1.144265
1.288459
-0.772798
-0.167798
-0.577513
-0.681728
-0.373922
-1.506347
-0.530448
0.804524
1.262362
1.566000
0.289682
-0.768524
-0.892693
-2.176336
-0.437895
0.269414
-1.945631
-0.579213
-0.202659
0.785286
0.208571
0.357892
-0.532092
0.709232
0.898394
-0.149335
0.295570
2.047003
-1.117921
-3.556397
0.106484
0.927082
-1.666085
-0.181665
0.593663
0.904711
-0.763664
-1.528132
0.229390
1.956763
-0.470870
-2.068501
0.018422
0.538844
0.382852
1.221174
-1.364590
-1.289445
1.765947
-0.018807
1.538500
-0.161097
-0.416185
0.382524
-1.073723
-0.214326
-1.054070
0.116639
-0.783883
0.189759
-0.850360
-1.158046
-0.495492
0.351649
-0.611550
0.972695
-3.007278
-0.166394
2.542030
1.231091
0.866460
-1.969030
-0.634416
-0.962559
0.459822
-0.349814
-0.887670
-0.163610
-0.170988
0.102862
1.445546
0.362970
1.679814
0.004369
0.169923
-0.912128
-0.882868
1.182310
0.118759
-0.149178
-0.526092
0.191257
2.110236
1.335903
-0.864802
0.499517
1.598272
-0.711963
0.570518
-0.924052
0.551419
1.236707
0.489568
-2.372347
1.037411
-1.271223
0.237116
0.784170
0.334034
0.367019
0.211918
-0.247313
0.442813
-0.356665
-0.338415
0.577813
-2.347192
0.232856
-0.042128
0.767257
0.282250
0.330777
-0.457437
-0.192597
-0.632645
0.727933
2.273558
1.797734
0.722952
-0.201449
1.486425
0.150691
2.090251
0.718679
0.910747
0.334846
0.874412
1.041116
0.192487
-0.527375
0.958183
1.064726
-0.020857
1.509386
-1.595637
-0.692692
-0.495632
-1.482091
-0.588486
-0.337414
0.762098
0.509527
-0.926398
-1.399641
-0.215234
-2.242773
0.473022
-0.295022
1.570655
0.791386
2.850419
-1.073550
1.288158
0.087443
-0.212049
-0.229784
-0.204556
-0.022898
1.010736
0.630949
-0.847006
0.911484
0.544109
-0.117278
0.867550
0.042598
0.436969
0.058301
0.132024
0.741658
1.889119
1.173125
-1.044669
-0.401588
0.017174
1.206081
1.492734
0.260757
-1.062587
0.596839
-1.086056
-0.428688
0.551823
0.301084
0.663841
-0.038491
-0.845505
-2.224810
-1.359111
1.172912
-0.990990
0.326453
-1.044277
-0.466522
-0.382268
0.681867
0.028426
1.111134
-0.650779
1.347533
-0.370186
0.339429
-0.139848
-3.090009
-0.683001
1.217893
-1.884388
-0.380631
-0.861760
1.032526
0.128575
-0.348079
0.484594
0.394050
-0.178916
0.640013
-0.235553
0.984604
0.047510
-0.034618
1.086706
-0.294644
0.753343
0.379876
0.841785
-2.111107
1.784687
-1.574297
0.456027
-0.491812
0.623200
-0.066701
0.271575
0.086285
1.093749
-0.058182
-1.752461
-1.144959
-1.708930
1.276227
-0.189287
0.018936
0.889950
-0.491788
-1.939686
-0.807364
0.651545
-0.417086
1.071159
-0.888012
0.097005
-0.544547
0.585377
1.775447
0.851283
-1.240273
1.105848
0.307251
0.145482
-0.581801
-0.216835
0.655312
-0.656644
1.008912
-0.234242
-1.376454
-1.634754
0.153904
2.854460
0.338838
-1.048804
1.199324
0.718253
0.465747
0.933897
-0.231802
0.699044
-0.108023
0.682571
-1.697973
0.628984
1.281144
-0.056685
1.336238
0.172491
1.537618
-0.596059
0.134400
1.287639
-1.395410
-0.891181
-0.097263
-0.207578
0.469798
0.623606
-0.974441
0.237848
0.755977
-1.061657
1.820093
-0.557362
-1.973086
-0.546342
-0.227447
-0.272404
0.358192
-0.023385
-0.895444
0.025535
-0.538910
1.250272
0.424879
0.064419
0.276726
-1.382542
-2.347009
-0.107020
1.796899
-1.555199
-0.676080
0.142940
-0.740853
-1.429933
0.846328
0.433384
0.805894
2.273957
0.717653
0.936199
0.402446
0.343824
1.264232
0.599352
0.849146
-0.947400
-0.377536
-1.062673
-0.290252
0.360193
2.166472
0.492642
-1.239719
0.055270
-0.819964
0.295889
1.246412
0.412839
1.283994
0.763356
-0.725327
0.770718
-0.525069
0.287345
1.474700
-0.060347
-0.219901
0.146212
-0.023123
1.810025
0.452383
-0.140975
-0.775048
-1.052521
-1.758142
-1.071141
-0.218301
-2.094189
0.203009
-0.003262
-2.872703
0.509946
0.558866
0.309360
-0.838626
-0.205933
0.020712
-0.091240
0.453755
-1.439249
-0.159766
-0.272451
-1.602104
2.142191
0.991462
0.641866
0.361586
1.245655
1.120512
-1.020732
-0.728932
-1.083302
0.871807
-0.249274
-0.556756
2.708127
-0.708201
-1.052107
-1.070744
0.067402
-0.844370
-0.981522
-0.047324
1.276440
-0.424224
0.693077
-0.090727
1.220287
-0.437178
0.898554
0.464351
-0.149551
1.001646
0.070171
0.227079
1.271739
-0.625272
1.130565
1.842597
1.616926
0.713939
-1.630485
-0.823980
1.039725
0.342757
1.063515
-0.066518
0.719844
-0.857126
0.448614
-0.681731
0.409323
0.444027
-1.102062
-2.534733
-0.203957
0.160328
-1.081645
0.066048
0.141796
-0.674648
0.452359
0.438284
1.503273
0.170306
-0.396117
0.721565
-0.628849
-1.133696
-0.442192
1.027885
-0.752264
0.106989
-1.584311
-0.169155
-0.832204
0.892045
0.584332
1.540649
1.192754
-0.087228
0.384666
-0.794257
-0.936076
0.759050
-0.513255
-0.035786
-0.783746
0.807027
-0.391754
0.276107
-1.391787
-0.261115
1.010374
-0.256358
0.015738
0.110428
0.194970
0.779814
-0.057781
-0.993564
-1.524339
-0.735702
-0.604301
-1.266305
-1.105695
-1.810823
0.949256
0.874519
-0.808224
0.301041
1.059988
-0.178381
-0.376959
-0.027450
2.315798
-1.156127
0.066545
-0.787230
1.607836
-1.759251
-0.771026
1.480055
0.612608
0.369121
-0.157046
0.092666
0.144788
0.877176
1.785464
0.618146
1.363709
-0.335850
0.762278
1.519063
-0.478412
-1.179542
0.151947
3.158213
-1.043605
-0.181519
0.032045
-0.675384
0.503099
0.648942
-1.417246
1.086777
0.781438
0.236857
0.422758
1.446273
-1.408229
-0.403963
0.697633
0.270894
0.520769
0.741116
1.985984
-1.071895
0.473391
2.176516
-0.031496
1.556045
0.300544
0.352090
0.740257
-0.488343
0.252676
0.363619
0.412771
0.750522
-0.983466
0.864887
0.500678
2.034359
-0.189569
1.014139
1.258343
0.308559
-1.283951
-0.596377
0.259658
0.965198
0.854890
-0.900883
0.947593
1.364966
-0.260497
-1.406837
-0.375747
0.178261
0.031960
-1.201466
0.852112
-0.890136
0.067064
0.365407
-0.633095
-0.579966
1.078267
-0.714950
0.392068
1.961339
1.671859
0.712759
-1.559551
-0.143491
0.130104
0.668697
-0.822820
-0.178223
0.644929
-0.559605
-0.256504
-0.971014
-1.080773
0.181809
-0.565836
-0.261038
0.623234
-1.416297
1.261709
1.821922
-1.314555
-0.191233
-0.115370
0.049609
-1.046573
0.133391
1.710135
1.037725
-0.423952
-0.224760
0.687147
-0.949124
-0.977067
-1.340026
-2.135005
1.336735
-0.512676
1.103074
-0.474323
0.091084
0.016743
0.998549
0.397600
0.114582
0.355316
-1.025881
-0.930486
0.228957
1.339262
0.943376
1.200139
0.720623
-0.017669
2.019770
1.612844
-0.965975
-0.864651
-0.037241
0.513972
-0.691925
0.311730
0.913624
1.451090
1.124725
0.980461
-0.651205
0.074495
0.040693
0.419116
1.691013
-0.720206
0.496790
-0.148476
0.203522
-0.915662
-0.005396
1.565651
-0.356814
1.851862
-1.179854
2.076987
-2.393132
-1.296365
0.568455
0.155672
-0.347047
1.507266
-0.022508
2.075136
0.831302
0.570556
-1.436063
0.302120
1.713696
-0.201285
1.404161
1.636692
1.778905
-0.514613
-0.226726
0.275521
-0.410312
0.205103
0.999819
-0.550149
-0.190903
-0.330573
-2.626418
-1.447985
-1.331788
0.602342
-0.530540
0.615029
0.644575
-0.269323
0.083224
1.157430
1.493382
0.097579
-0.616322
-0.386969
-0.855851
0.665580
0.399484
-1.426184
2.187083
0.092796
-0.379834
1.086654
-0.066701
-0.746050
1.119760
0.534273
-0.313325
2.770978
1.323051
2.363402
-0.437738
0.190434
-0.145910
-0.935038
0.712203
0.507663
0.648130
1.730709
-1.132497
-0.948916
0.599925
0.842442
0.321584
-1.493684
1.164748
-0.474332
-0.606587
0.184391
-0.131443
-0.944093
1.389710
0.202608
-0.064164
0.012023
-0.945231
-0.517310
-2.267036
-0.856886
0.280621
0.491183
-1.980986
-2.009599
1.899778
0.150487
-2.447850
0.089468
-1.893389
1.394799
-0.391633
-0.097874
0.460501
0.507668
0.994963
0.342807
0.777643
0.697125
0.929254
0.815303
0.514786
0.857947
0.551101
1.097181
-0.947259
-0.230139
0.159162
-1.094158
-0.642577
0.554150
0.283581
1.244260
0.604263
1.470732
-0.136536
-1.008818
-0.094967
-0.838586
0.619251
0.382969
-0.642585
-2.768861
0.754714
-0.482835
-0.623380
-0.215290
-0.684732
0.333442
0.871846
-0.139600
-0.171149
-1.828225
-1.153614
1.153862
-2.267843
0.008225
-0.623844
-0.852394
-1.911407
0.871681
0.528974
-0.097771
-1.692218
-1.215777
1.924603
1.282855
-1.114469
0.691907
0.304258
0.879575
-0.002837
0.424230
0.146169
0.783143
-1.369906
1.555787
0.056391
-0.039505
-0.898228
2.300835
1.569801
0.683045
-1.244285
-0.165778
-2.035412
1.013434
-0.781716
-0.121503
-1.040930
-1.443118
0.617105
-0.675263
1.233909
-1.406005
1.128375
-2.155856
-1.818705
-0.893623
-0.368628
-1.594022
-0.488244
0.581439
0.487406
0.649525
-0.590839
1.078375
-0.928974
-0.234042
1.083353
0.117004
1.543138
0.546603
1.103371
-0.273006
0.439058
-0.217000
0.045180
1.668755
1.350615
0.452492
-0.236320
0.827325
0.669861
-2.053579
0.324675
1.482566
-0.598532
1.067352
0.293402
0.028154
1.310995
-1.433101
1.051844
0.661342
-1.845787
0.427929
-0.380096
-0.283336
-1.010790
-0.403666
0.299266
-1.410817
-0.322690
-1.767997
-1.650594
-0.935280
-0.156420
-0.556309
-0.191180
0.093061
-0.481139
-0.078098
0.855058
2.502490
0.460489
0.725507
0.588651
1.915647
0.157273
0.785269
-0.043582
1.544963
-0.746231
-0.455114
-0.870888
0.975815
0.816736
-0.541281
0.591756
-0.477613
-1.034856
-2.108845
-0.456043
0.245588
-1.419202
1.515506
-0.537999
0.711455
1.047049
-0.692290
1.068923
0.881054
1.083610
-0.409236
2.306809
-1.612027
0.739762
-1.667230
-0.458035
0.923628
1.181514
1.244346
-1.139126
-1.039022
2.031257
1.543460
0.211497
-1.444750
-0.643670
-1.551903
-0.598001
-0.781843
-0.309133
1.364452
-0.207599
-0.190142
1.501240
-1.581486
0.759726
0.885731
0.671622
0.957930
0.646763
1.102554
-0.128629
-0.163093
-0.036245
-0.406418
0.254078
-0.146374
-0.214480
1.601499
0.908125
-1.847004
-1.311690
-0.302292
2.111671
0.057878
-2.122578
-1.890297
0.111926
-0.979779
1.030858
-0.667391
0.944436
-1.462360
1.969649
-0.148971
0.219592
-0.113837
1.438800
-0.241690
2.147034
-0.786382
0.099401
-0.868455
-0.438155
-0.249392
-1.586788
-1.045928
-1.145130
-0.444114
-2.262685
1.110984
0.329744
0.558848
1.346153
0.664635
-0.747649
0.979740
-1.058751
0.489789
-1.577603
0.063016
-1.134382
0.032304
-0.048174
-1.147715
0.818260
-1.698171
-0.323810
0.390496
0.069345
1.981996
0.996163
-0.117002
0.272653
-0.405631
0.869743
1.430249
-1.667943
0.645123
-0.701767
0.099530
0.694621
0.157518
1.289116
-0.081944
0.721445
1.315713
0.626318
-0.081821
1.188857
-1.020261
-0.351800
2.657813
-0.303635
0.755625
-0.395219
-0.502792
0.027239
1.495216
0.601247
-0.177633
-0.491138
-0.967820
-0.311060
0.167953
0.303098
-0.831445
0.014848
-1.289487
0.794107
-0.097190
-0.203812
-0.255335
-1.369047
1.997552
-0.212947
-0.633444
-0.464496
1.571912
-0.916831
-0.111589
-0.360450
0.037045
0.411533
-0.152657
1.300487
-0.944709
0.245116
2.797172
-0.568762
-0.848775
-0.596023
-0.508726
-0.135373
-0.619776
-0.513514
0.780282
0.201502
-0.194506
-2.010359
-0.354886
1.775214
-0.982705
1.159597
-1.235690
0.279394
-0.118581
0.538758
0.220337
-1.158701
0.426211
-0.049149
-1.545687
-0.188685
0.827085
0.192867
-0.849655
0.110459
-2.304447
1.436746
0.368642
-0.001161
1.268002
-2.048675
-1.003327
-1.416513
-0.580306
-0.693909
1.921050
-1.261914
1.766054
0.788214
-1.453819
0.801248
0.615613
-1.500993
0.941894
0.699077
0.492181
-1.746112
-2.519420
-0.678319
-1.849582
-1.685958
-0.926832
0.019284
-0.183006
-1.962825
1.219215
-2.141090
0.646409
-0.916770
0.180711
-0.560182
-0.907532
0.261110
0.143244
-2.632328
-0.924767
-0.865152
0.126641
-1.952887
-1.439973
-0.954273
-0.506898
-1.955084
0.929463
-1.414235
-1.263584
0.111927
-0.458410
-0.079423
-0.622205
0.734820
0.379100
0.714088
-1.048215
-0.637558
-0.553788
0.297113
-0.231499
0.836578
1.042057
-1.984914
-3.385583
0.082657
0.728278
-1.175488
0.186779
-0.425494
-1.032295
0.129011
-0.365164
1.985656
-0.072203
2.886578
0.095907
1.976319
0.341348
-1.090456
-0.112968
-0.473284
-0.212878
-0.835588
-0.334731
0.251572
1.015728
-0.178869
0.895833
0.336046
0.381038
0.721102
-0.168332
0.325554
-0.559560
1.411967
-0.233261
0.981957
2.242149
0.058823
-0.448779
-0.240803
-0.675574
0.005089
0.383415
-1.701616
0.493104
0.776430
-0.810795
-0.743106
-0.912550
0.925631
1.159402
0.626063
-0.927982
-1.612217
-0.494846
1.035004
-0.148837
1.252232
-0.174459
-0.954301
-0.342669
0.030944
0.314510
-0.289237
-0.027615
0.544030
1.411606
1.687884
1.440223
0.344088
-0.135908
0.330060
2.254318
1.187666
-1.199065
-1.042536
-0.825746
0.595645
0.773201
-1.616345
-1.558173
-1.031173
-1.707570
-0.315367
0.532707
1.502922
1.644879
-0.450734
0.799716
-1.044402
-0.196849
-0.022878
-0.717523
-1.220530
-0.928465
0.675319
1.392584
1.952511
-0.099600
-0.165014
0.526101
-0.496036
1.480260
-1.394629
0.656603
0.835923
-1.261652
-0.661956
0.371193
0.841039
0.224417
0.450890
0.191891
-0.908251
0.773297
-0.317299
0.187732
-0.003344
-0.009144
0.159613
2.446365
-0.645339
1.114465
-2.014629
-0.224295
1.144126
0.918357
-1.465828
0.390702
0.454373
0.489583
-0.439482
-0.393315
1.103693
-0.838896
0.399881
0.046734
0.121892
0.114352
-0.103581
2.215755
-0.301813
-0.562243
-2.191590
-0.125590
-1.916079
-0.431224
-1.662633
-1.030022
0.403385
-0.005234
0.540157
0.193107
0.440731
-0.100722
-1.013525
0.324324
0.819361
-0.597191
-0.466118
0.371537
-0.631896
-0.271371
-1.604211
1.116663
-1.007428
-1.073255
0.271770
-2.737433
1.249984
-0.036419
0.895883
-1.191207
-0.528783
0.478405
-0.348774
-1.092534
0.024369
-0.170345
-1.226304
-1.040941
1.708596
0.218010
-0.185014
0.556734
1.205899
-0.192859
-1.305838
-0.448472
0.705385
1.115583
0.580738
0.652205
1.118336
-1.209411
1.204628
0.046271
1.315460
2.332472
-0.414442
-0.645656
0.590943
1.105336
-0.726826
0.279715
0.737962
-1.623288
-0.848313
2.060644
1.609391
1.721149
0.763997
0.200181
-0.874903
-0.287068
-1.082150
-0.298975
-0.217495
-0.736064
1.991899
-1.603581
1.236439
-0.661381
0.340038
-1.485907
0.280589
-1.392320
-0.225143
1.236827
0.171374
-1.347963
0.602100
1.778494
1.031513
1.550520
-1.801368
0.458686
0.187964
0.235688
-0.201134
0.912686
2.985269
-1.316780
-0.891142
0.915976
-0.207039
1.652740
-1.209224
0.260672
-1.371045
-0.919772
-0.357910
0.750728
-0.087762
0.556119
0.557895
-0.896874
-0.653815
-0.268732
-0.474861
-0.565932
0.146616
1.789229
1.748585
1.047138
0.276434
-0.279856
1.492722
1.740728
-0.125088
-0.239824
1.391022
-2.731056
-0.367931
-0.605440
1.878191
-0.364373
-0.955638
0.602229
-0.526805
-0.253203
-0.560369
1.501989
-1.558169
-1.394864
-0.934293
-0.646058
-1.152966
2.944451
-0.366126
0.047423
-0.162871
0.012739
0.653257
-0.055369
-0.620647
0.437941
0.722888
-0.664105
0.344700
-0.165903
-0.167582
-1.063590
0.127094
-0.464895
-0.221959
-0.816179
1.264074
-0.012480
0.692862
-0.652698
1.151875
-0.652055
-0.912930
-0.932530
1.557951
0.016661
-0.858505
0.299306
0.254571
-1.901530
0.896282
-0.696329
0.253314
-1.208767
-0.647405
2.118534
1.378441
-0.300816
-0.276398
-0.125598
-0.205336
-0.648137
0.576857
-0.452404
-0.289495
-0.005043
0.425121
-2.019147
-0.113422
-0.426057
0.408168
-0.016544
1.492854
1.113086
-0.598867
-0.652831
1.943726
-0.088477
0.184517
-1.615149
-0.916285
-0.250907
-0.296359
-0.799612
-0.129780
0.585246
0.802001
1.576758
0.106011
-0.734256
0.339571
0.042482
-0.923931
-0.182107
-0.230210
-2.524726
1.036571
-1.752840
-0.012230
-2.123973
0.777859
0.721234
1.325558
0.887818
0.701102
1.656154
-0.259905
0.528698
0.374626
0.628330
0.765397
1.554056
-1.401887
-0.489882
-0.397686
0.459997
0.290205
-0.350484
-0.282710
-0.446693
0.833260
-0.567426
0.400638
0.017888
-0.262986
1.543099
0.390507
0.367010
-0.763495
0.220957
-1.273766
1.910249
-1.944192
0.737322
-0.854966
1.024463
-0.490691
0.961829
-1.509153
-1.177892
1.352388
1.227779
-0.232367
-1.011951
0.010101
-1.410211
-1.562738
0.623983
-0.746268
0.485149
-1.156890
0.203956
-0.511915
-0.059278
-0.212391
-0.410740
-1.598073
-0.323959
2.654045
0.082087
-0.280838
-1.055542
-1.890644
-0.132999
-0.605898
-0.902894
-1.127577
0.953966
0.051228
-1.102332
0.591160
-0.207507
-0.809274
-1.196726
0.200685
0.306067
0.144040
1.280798
-1.857709
0.572804
-0.880351
1.570499
1.325000
1.225157
-1.002673
2.486663
-0.372017
-0.362436
1.613706
0.510556
0.111186
-1.214908
-2.198450
1.063957
0.966011
-0.461600
1.526544
1.436767
0.507289
-0.698598
-1.324793
-0.292333
0.623547
-0.885829
0.703610
1.243140
2.009952
-0.316388
1.018718
2.023977
-1.112069
0.213672
0.277654
-0.810642
0.061952
-0.854882
-1.178121
0.085594
1.143367
-0.182038
-0.067089
-0.596904
1.511598
-0.137682
0.354784
-1.755400
0.608462
-1.414524
-0.238137
-0.108362
-0.506976
-0.281141
-2.242617
0.393285
0.205960
-0.018335
-0.091224
0.804963
-0.600241
0.051507
0.644608
-1.476860
1.753281
0.040829
1.921456
1.171112
-0.268657
1.199151
-0.452695
0.390083
-0.253894
0.567281
-0.678071
-0.375954
-0.037660
-0.362036
0.685033
-1.121091
0.376920
-0.277312
0.418467
1.547521
0.174271
-0.629231
0.172694
-2.306777
-0.020942
-1.580520
0.704456
-0.913568
0.961993
-0.245948
-0.231810
-0.218531
-1.732417
0.101277
-0.273616
-0.127828
-0.960788
-3.201877
0.736974
0.366320
0.581173
-1.070217
0.161594
-0.536787
0.273136
0.465596
0.818875
-0.499255
-2.935129
-0.721758
-1.276220
1.690846
-0.926777
1.577226
-0.043609
-0.561998
-1.728210
1.232169
-1.486158
-0.357737
0.226061
-0.230510
1.024018
0.403351
-0.477170
-0.972701
0.970522
0.006946
0.112164
-0.169561
1.894493
-0.470104
-0.522052
-1.170081
2.133437
-0.628899
-0.474821
-1.574685
0.491840
-1.173329
-0.955936
-1.064709
0.621209
0.567667
-0.260039
-0.554838
0.219815
0.570028
0.756622
0.556652
-0.423387
-0.722829
0.615242
-0.186329
1.902141
0.045107
1.370124
-0.139606
2.138055
-0.128480
0.679712
-0.286050
-0.107575
0.098751
1.344003
1.508834
0.902119
0.248445
0.991438
0.692770
-2.160074
-1.364421
-1.429340
0.816884
-0.090602
-0.035560
0.247964
0.713469
-1.698823
-0.810040
-0.392783
-0.141036
-0.031099
-0.720890
0.344717
-0.304943
-1.069783
0.852945
0.017833
-0.214149
-1.245518
0.831067
-0.827579
0.750218
1.631913
-0.272819
-0.490511
-1.752670
-2.103103
0.123483
1.179234
2.296156
1.779605
-0.475498
-0.241231
-0.498120
-0.354072
0.652726
1.814142
0.512233
-0.305162
0.332663
-0.405556
-0.089474
-0.039745
-1.646194
1.335658
-0.179729
-0.077797
-0.076086
-0.089055
-0.185211
-0.722398
-0.962550
-1.093351
1.037433
-1.024442
-0.713144
-1.526074
-1.165483
0.504739
-0.628206
-1.073739
-1.477013
1.362091
-1.389038
-0.633440
0.790245
1.786468
1.812805
-1.152547
0.619884
-0.206614
-0.016167
1.468029
-0.263748
0.040018
0.372546
1.895091
0.090333
-1.444789
-1.529394
-0.326969
0.295936
-0.454161
1.995054
0.798201
0.870557
-1.482660
1.316011
0.043456
0.950110
-1.969718
0.034523
-0.561971
-1.240606
-0.990451
2.028635
1.214975
0.313026
-0.460582
0.676075
-0.225539
-0.746351
-0.586915
-0.113696
2.588801
0.118270
0.186857
-0.195179
-0.215875
-0.547846
0.463782
-1.392581
-0.157258
-0.127571
-1.821776
1.082098
-0.271620
-0.558327
-1.312054
1.381651
-0.170439
0.695143
0.590974
2.026481
-1.648848
0.659339
-0.000924
1.846679
0.963762
0.773219
-0.014862
0.438844
0.736325
0.313945
-1.364752
1.411228
1.923423
0.147600
-0.374551
0.051491
-1.283161
0.401974
1.810205
0.314374
-1.003683
0.601947
-1.597808
0.386654
0.729284
-0.419676
-1.068914
0.059735
1.348596
-1.045120
0.229010
0.255742
-1.038901
-0.068621
1.091004
-0.838141
-1.716724
0.573305
0.236833
-1.145420
1.705975
1.047727
0.302211
-0.884312
1.446273
1.869485
0.301021
1.996166
0.092959
-1.213928
-0.179910
-0.112629
0.622812
-0.646550
1.040707
-0.821154
0.116294
0.324798
-1.001796
-0.293305
-0.101330
0.228385
-0.532985
1.520027
-0.723967
0.936061
-1.110655
-1.210390
0.891585
-0.453920
1.214511
1.670261
-1.735532
1.050163
1.101649
-0.009801
-0.360232
0.914571
0.255215
0.011178
-0.457193
0.256589
-0.277222
0.012272
-0.188486
0.513311
1.078769
1.231120
0.290458
-0.211033
1.164278
2.125574
0.224140
0.019075
0.202581
0.355811
-0.396794
0.628792
1.179733
0.705153
-0.972426
-1.194141
-1.613314
0.023279
-0.802274
-1.269205
0.507576
2.364645
2.563083
-1.038463
-0.060142
0.574329
-0.969094
0.436130
-0.268686
-0.039672
0.668702
0.166437
-1.289171
-0.908880
1.495673
-0.736889
0.757085
-0.135172
0.114492
-0.614065
0.573893
0.108088
0.968209
-2.891231
-0.000897
-1.472964
-0.229144
-1.837585
-0.239900
-0.034127
-0.332806
-0.385660
-1.635147
0.854164
-1.400491
-2.196719
-0.467059
-0.170880
0.603627
-0.570113
0.103361
1.546456
-1.246157
-1.099537
0.578812
-0.274229
-1.296451
-0.990372
-1.104206
-0.874097
-1.289701
0.240846
-0.567560
-1.505340
-1.586092
0.942815
1.357241
-0.619995
0.374133
1.119014
0.024696
-0.553568
-0.660847
1.076059
-1.097642
0.591268
0.709851
-0.257780
-1.175512
0.493516
1.475727
0.683475
1.298689
0.606108
-0.631851
0.427381
-0.157551
1.703938
2.356519
0.724398
-0.505994
-0.000413
0.102470
-1.711213
-0.921529
-1.882361
0.966142
0.808285
0.452563
0.628752
1.999570
-0.466225
-0.484923
2.588679
-0.330116
-0.272030
-1.439044
-2.098458
-0.743081
1.236205
-0.992009
-1.952441
0.297400
0.431712
0.860937
-0.742085
-0.849989
-0.672469
1.375851
-0.155776
-2.227744
0.066406
0.520380
-0.654374
-1.546170
0.583920
1.857018
-0.424664
-0.786018
1.499064
-0.195001
0.555814
0.641335
-0.565498
0.250537
0.408166
3.392223
0.696097
-0.351191
0.981125
1.334476
-0.923663
1.507788
0.904591
1.660790
-0.829734
-0.340791
1.148365
-1.091207
1.579943
0.842080
-0.585078
1.204252
0.014084
1.038765
-0.614416
0.259432
0.000742
2.022942
0.080739
0.563599
0.211205
-1.379059
-0.355509
-1.221353
0.180944
-0.372581
-0.933944
0.946289
-1.343925
0.726697
0.613014
0.563099
-1.657413
-1.451469
1.272646
-0.762526
-0.320741
0.463394
1.089402
0.495919
-1.743959
-1.265993
0.668809
0.688327
-0.967595
-0.037992
-1.131929
-1.006346
-1.138433
-0.148106
0.879045
-1.636223
-0.409591
0.527655
0.660447
-0.332758
1.099642
0.667553
0.970958
0.832400
-2.721922
0.730154
-0.293648
1.319005
0.651525
0.713723
-1.296841
-0.209014
-0.377032
0.099211
0.787415
0.198901
-0.516937
-1.264547
0.872847
-0.880884
-0.749739
0.756391
-0.424227
-0.869682
-0.070543
0.767174
-0.658785
0.195095
-0.233258
-0.263747
0.400191
-0.876116
0.244173
-0.681087
1.853716
-1.938016
-1.197315
-1.525193
1.578098
1.552280
0.970589
0.371224
-0.334911
-0.522319
0.391145
0.543160
0.677641
1.048405
1.116666
-0.087015
-0.360665
0.292746
2.643689
1.378358
0.201072
0.177567
0.643243
1.108049
-0.746914
0.431125
-0.661946
0.249716
0.195595
1.131523
-0.360193
0.782631
-0.572349
-1.457182
-1.435639
0.781630
1.767746
-0.674375
1.050608
0.132281
0.415994
0.174971
0.858621
-0.743134
0.748062
0.700640
0.379254
-0.376849
-0.054284
-0.099734
-0.533613
-1.061798
0.573950
0.721788
0.374893
-1.029335
0.468159
-2.108324
-0.460453
-0.999817
0.505385
0.330547
0.527909
1.427680
-0.655678
-0.529234
0.078739
0.372950
-1.322747
0.453660
0.154284
-0.551945
0.949785
-2.736996
0.458380
0.284182
2.024739
-0.248412
2.192269
1.193154
0.866262
0.801559
0.335998
1.110615
0.972709
-0.470697
-0.353003
1.132887
1.151954
0.130983
1.254671
-0.420137
1.123147
0.741240
0.265936
2.810495
1.545157
0.652968
-0.121882
-0.201064
-1.720568
-1.158453
0.716126
-0.501697
0.643516
-0.670665
0.899270
-1.596768
-0.803418
0.335608
0.137520
-2.160706
0.299547
-1.005599
1.519163
-0.079968
-0.658307
-0.153396
0.573042
-1.434985
-1.139196
-1.354839
1.194689
1.851113
0.085996
-0.136900
0.921434
-0.103716
-0.614994
2.302624
-1.316806
-1.808933
0.284403
0.296423
-1.612627
-2.112577
0.647266
1.814928
1.570120
-1.856778
0.839103
1.068504
-2.305562
1.284352
0.273156
1.217578
-0.921180
-0.976383
-0.208954
0.524124
0.578880
-0.234395
-0.846206
-1.172853
-0.203102
0.322086
0.708799
-1.144204
-0.839460
-0.814387
2.432357
0.331096
0.861131
-0.135843
1.108485
0.973945
1.438056
-1.059112
-1.247947
0.330425
0.274522
-0.993998
0.951903
0.136057
0.273145
-1.003310
-0.944332
-1.285286
0.482924
1.431769
-0.257898
-0.928495
1.451465
0.428871
-0.639580
1.045161
-0.292811
0.893654
-0.598885
0.067877
-0.159754
1.586873
-3.173312
-0.792333
0.688234
-0.744050
-0.087022
-0.181449
0.039678
0.180584
-1.485939
0.106499
-0.325913
0.863451
-0.300735
0.122009
0.514149
-1.300093
0.399565
-1.655458
-0.147145
0.588079
-0.181107
-0.623086
1.144870
0.673196
0.050474
0.315473
0.972314
-0.286126
0.337329
1.058632
-0.031038
1.765127
1.781679
1.309645
1.781687
1.076109
0.794892
0.561987
0.201696
-1.511894
-0.756635
0.362926
-1.939732
-0.807972
-0.155225
0.199633
-0.192775
0.549808
1.067382
1.168259
-0.398930
0.376835
0.304599
-0.806840
1.430027
1.294489
-0.118817
-0.234564
0.599813
0.184173
1.301129
2.185766
0.187195
0.616712
0.267055
0.530593
-0.434033
0.597888
0.141538
0.166908
1.002712
0.418408
1.117649
0.493403
-0.001468
-0.383194
1.598800
0.074601
0.234018
-0.716426
-1.855662
0.616185
-0.403147
0.693093
-0.563830
-3.197873
-0.222109
-0.246951
0.264903
0.656878
-0.193293
1.153769
-0.427806
-0.893643
-0.325613
0.313303
0.660528
0.530388
-0.145674
-0.305914
0.275659
-0.004086
-0.539662
0.235173
-0.177159
-0.191017
1.191545
-0.045720
-1.033157
-0.653935
0.571463
-0.333646
0.226266
-0.681687
-0.624083
-0.920733
-1.648978
0.785260
-1.065583
-0.988905
0.028262
-0.412417
-1.299922
1.519559
-0.443780
3.106226
0.155439
-0.917781
0.711659
0.518005
0.253590
-0.653699
-0.208775
-0.767314
-0.451734
0.536806
-1.450394
0.264195
-0.450978
0.614567
-0.797974
0.050314
-2.037205
0.209408
0.412330
1.529582
-0.596863
1.350964
0.427202
0.181118
-0.608973
1.044431
0.789567
-2.124577
0.837798
-1.503111
1.181825
-0.850992
0.151118
-0.448707
1.847282
-2.002494
-0.456524
0.721197
-0.832089
-0.006276
0.496410
1.361501
0.168032
1.403818
1.348958
-0.363929
-0.653333
1.680157
0.221420
-0.153067
-0.591982
1.220769
0.557417
-0.511026
0.379848
2.146226
-0.334145
-0.952428
1.653369
0.439087
0.538596
-0.130300
-0.075613
-0.831735
0.364372
1.599842
0.499829
0.216943
0.471775
-0.279920
0.537121
-1.329576
0.222240
-0.060432
-0.518797
-1.453198
-2.035422
-0.990445
2.171937
0.606954
0.209652
1.249294
-0.612857
1.260297
0.014712
1.511596
0.448456
-2.215449
0.621921
-0.485767
-1.358768
-0.182684
-0.624191
0.741865
0.465536
0.836854
-2.409925
-0.120941
-0.867129
0.665564
0.520926
-0.261132
-0.575352
1.000137
-1.209652
-0.483780
0.666712
-0.016962
0.647216
-0.236773
-0.464356
-1.552441
-0.059185
-0.837832
0.653893
-1.630814
0.067647
0.248679
0.180473
-0.386104
1.383502
-0.764697
-0.881706
0.293322
-1.850359
2.721438
0.131009
-0.099323
-0.702697
1.498150
-0.109387
0.843332
-0.748364
1.771701
0.660681
-0.239809
-0.272869
-1.677190
1.573582
1.586879
-1.779754
-1.469857
-0.857155
1.344855
1.180369
-0.162391
0.934635
-2.225664
-1.273666
-0.001534
0.035029
2.148654
-0.177830
1.220889
-0.850561
-0.413341
-0.046504
-0.457687
0.151933
1.251353
-0.013995
-1.484456
0.429076
1.651408
-0.034770
0.158853
0.043571
-0.504882
-1.286942
0.449800
1.609439
1.794651
-0.154957
-0.729711
-0.086090
-0.496440
0.361960
0.770675
0.008611
0.423221
-0.831832
0.863456
1.049582
1.079283
-0.363645
1.490573
0.745074
0.158658
-0.440692
0.616666
-0.526877
-0.198490
0.123529
-0.776101
0.107743
-0.194389
-0.757482
0.390746
-1.038593
0.592470
-1.770453
0.718610
0.749255
1.533996
0.958195
-0.141682
-1.065538
-0.226280
-0.702176
1.263235
-0.475925
1.687808
-0.581274
0.746558
0.961963
-0.396190
-0.398965
-0.180517
0.126117
-1.149681
-2.281886
-0.120462
-0.718141
-0.652310
0.071464
0.793424
-1.101149
-1.688503
-0.020447
-0.311649
-0.607783
-0.135081
0.307514
0.810124
-0.539024
0.827681
2.062322
0.925607
-0.084183
1.644959
0.123429
-0.810724
0.492320
0.692655
0.225755
-0.500500
-1.086056
0.530394
1.117388
2.362821
0.285969
-2.055227
-1.801010
2.072355
0.495471
1.145891
-0.644085
1.031867
0.329968
1.509061
0.833127
0.531724
-1.497772
-0.270202
1.901894
0.232164
-1.304115
0.514222
0.185484
-0.393878
0.046963
0.578023
-0.155544
0.630906
0.780564
0.996260
0.434794
0.634955
-1.689069
1.812946
-0.423188
-0.006903
0.323764
-1.042136
-0.357748
2.185626
0.858474
0.051190
1.178129
-0.365595
0.166482
-1.268642
-0.221750
0.238100
-2.397525
-1.828580
-2.004361
-2.362515
1.689408
1.201502
0.610946
0.104823
1.351990
-1.048237
0.785623
-1.879215
0.845741
-0.343793
0.978577
-0.834701
0.013267
1.390918
-0.469989
1.493514
-0.968400
0.163870
-0.037016
0.340773
-0.275916
0.705573
1.197711
-0.697136
0.161876
1.644736
-0.501529
2.430279
-0.449053
0.018377
-0.418955
-1.073917
1.084341
-1.586810
0.302999
-0.541617
0.740286
-0.802404
-2.013942
-0.283404
-1.387560
0.694940
1.116158
0.505478
0.166053
-0.958430
-0.616247
-1.011734
-0.237756
0.966063
-1.591971
0.254398
0.796033
-1.364759
-0.594992
0.001900
0.056033
-0.521756
0.181916
0.756244
0.059639
1.143886
0.081025
0.945561
0.824546
-0.043705
0.832810
-0.421819
-1.008110
-1.607445
0.677309
0.378421
-0.301250
0.384084
-0.055034
0.409878
-2.040255
0.131519
-1.076179
-0.882732
1.084207
1.251527
-0.567321
1.506980
-0.018646
-0.947776
0.316149
0.140630
-0.077463
-1.543516
-0.581045
0.298930
1.680668
-0.414457
0.619870
-1.090423
0.567777
0.002581
0.157147
0.066297
-2.256835
0.324478
-1.749308
2.599437
0.222415
1.592448
-0.211106
-1.608163
-0.725034
0.137058
0.000072
0.214117
-0.210745
0.184170
2.217039
-0.834687
1.839564
-1.686835
-3.568489
-0.512650
-0.196872
1.525651
1.123260
1.227191
-0.589962
1.512003
-0.706210
0.376168
-1.159904
-2.048570
-0.552999
-0.423196
0.459102
-2.588742
0.551823
-0.989540
-1.668325
-1.501630
-1.329107
0.608712
-0.882494
-1.732500
-0.647894
-1.436201
1.234395
-0.081249
1.539912
-0.445940
0.743791
2.123615
-2.005929
0.230980
-1.992277
1.016932
0.490818
0.558833
1.252972
-1.741503
0.443665
-0.096348
1.836432
-0.189883
1.264582
1.209649
-0.179936
0.232967
-1.117485
-0.248258
0.660173
-0.663106
1.223430
0.075167
-0.099400
0.106641
1.039523
1.137740
0.652880
-1.996804
2.031172
-0.748761
0.375643
0.514118
1.282535
-1.748461
0.506989
-1.543453
0.935309
-0.516400
-0.400860
-0.351251
0.509966
0.111970
2.371198
-1.826350
-1.839261
-0.704199
-1.588108
-0.126808
-0.455705
1.101723
-2.827101
-1.539039
-0.428309
-1.921599
-1.778469
1.366906
-1.921115
0.420095
0.324773
1.051741
0.760338
-0.245467
-1.657688
0.983909
-0.478981
0.825751
-0.019046
-0.078656
0.183489
-0.866009
0.139870
0.771903
-0.893648
0.397600
-0.147842
0.932173
1.187523
-0.678321
-0.091732
-0.597319
0.700026
1.082467
0.460329
-0.163547
1.777952
-1.652863
0.618303
-0.246163
-0.870763
0.854626
-1.160021
-1.663931
-0.881175
0.906541
0.249392
-1.099215
-1.042847
0.477673
-0.923160
1.302476
0.540553
-0.804443
0.987511
0.310644
0.322370
0.810839
-0.377632
-0.672251
0.090005
0.514086
-0.442376
-0.494888
1.086381
-1.415950
0.814020
-0.719470
1.473105
-1.812040
-1.482267
0.409141
0.425804
-0.631497
1.442862
0.986374
0.009597
0.969071
1.557842
-0.290226
-0.757030
0.502514
0.211748
-1.298335
1.531599
-0.342172
-0.946708
-0.040693
0.225203
-0.163155
-0.193699
0.596362
-0.532201
0.308683
1.388164
-0.471850
-0.914214
-0.554906
0.948561
0.643779
0.132296
1.039656
-0.081762
0.700916
0.859671
-1.284536
-1.080959
0.716922
0.032426
0.413389
-0.376759
-1.163730
-1.671089
-2.329746
-0.343781
0.620173
-1.472150
1.011053
-2.604123
0.502325
-0.547888
-0.089463
-0.488555
1.005159
-1.238015
0.678385
-1.725362
-1.470139
-0.411126
-0.530964
0.551953
-2.185887
-0.688320
-0.004125
-1.355814
0.521070
-0.850852
0.509355
0.343114
0.115405
1.255265
0.318277
-0.668423
0.373177
-1.441472
-1.214894
0.263014
0.500166
-1.405721
1.683364
-0.045441
0.398125
-0.631590
0.257608
1.300622
-0.318169
-0.115726
-0.393585
-0.560627
0.398503
1.046208
-0.675626
0.468430
0.683822
0.389453
0.179510
1.970255
0.104377
2.036467
2.203400
1.920248
-0.588238
-0.478241
1.115069
-1.915859
0.363141
-1.323472
0.024181
1.195764
0.457716
0.975842
0.853172
-1.028107
0.258899
-0.106416
-0.408582
-0.244562
0.581757
-0.863061
0.040570
-0.146885
-0.381349
-0.637365
0.812262
2.063238
-0.366145
2.112606
0.229539
0.428980
0.023311
1.075624
1.482075
0.047350
0.091189
1.202119
0.498687
-0.380699
-1.862939
-0.569782
0.875053
0.734654
-1.261259
0.434385
0.197002
-1.049038
-1.000169
-0.360416
0.004829
-0.007929
-1.322696
-0.598670
-0.118975
-0.687045
1.099824
2.936647
-1.995560
2.211091
0.295413
-0.288608
0.157765
-0.888353
-0.243957
-0.310695
0.862557
1.968663
0.337458
1.754470
-0.565918
0.382677
0.455637
0.407200
-2.606233
0.115225
0.323826
0.308938
-0.514895
0.779326
-0.803737
-1.520628
0.680657
1.302638
-0.312235
0.566701
0.730206
0.948566
0.014953
-1.113428
0.613407
1.666440
-0.826787
0.501185
-0.387723
-0.601907
0.346896
-0.322629
-0.034094
1.799767
0.089542
-0.741804
0.226236
0.074685
-2.429143
-1.844998
0.363462
-1.117865
0.915957
0.651392
0.860727
1.004160
0.722262
-1.315650
-0.553653
-0.212357
-1.056724
1.363357
1.740498
-1.581481
0.516653
0.241743
-0.448749
-0.082464
-1.199177
0.276394
2.056210
0.748491
0.949789
1.252323
0.284523
0.281840
2.311655
-0.623889
-0.286164
-0.301082
0.423128
-0.256221
-0.207904
-0.516280
0.269784
0.809522
-0.192457
-0.697196
-0.557567
0.604696
0.874737
0.464696
0.519636
-0.524979
-0.051944
-1.698554
1.750104
-0.359669
-0.208933
-1.209063
-1.083270
1.504202
-0.573121
-0.725901
-0.473981
-0.130655
-0.891511
1.597401
2.455317
0.595861
-0.208874
0.756798
0.239937
-0.737689
-0.447857
-0.046849
1.212819
-0.336068
-0.109453
1.714352
-1.394093
-0.196462
-1.878825
-1.167402
0.550364
0.066814
-0.433503
0.869181
-1.049476
0.408021
0.877977
1.043557
-0.350349
0.596812
1.505512
-0.400386
-0.730581
-1.297911
-0.970631
-0.231252
-0.458795
0.638268
-0.176126
-2.512553
-0.356802
0.183170
-0.013907
-0.160858
-0.826886
0.462639
-1.248748
-1.326777
-0.539725
0.935370
2.099374
-2.016258
3.394704
0.975470
-0.625149
-0.863137
0.914126
-0.568254
0.654086
-0.523690
-1.662632
-0.617753
1.401917
0.452508
-0.579014
0.567190
2.685974
-3.197352
-0.852942
0.567728
1.615985
0.038519
0.086016
-2.237994
0.003241
-1.031540
0.503765
0.032718
0.009579
0.507157
0.373439
0.904896
0.169950
1.684751
-0.874500
-0.123167
-1.467036
1.881915
-1.236615
2.518339
0.604623
-2.509520
-0.899152
0.724908
0.707931
-0.543262
-1.207746
-0.014121
0.487658
-0.053515
-0.206313
-0.202762
0.268703
-0.511855
-0.438498
1.438608
-0.439396
-0.706187
-0.621896
-1.048340
1.217720
1.412033
-0.068731
-1.547385
0.838141
0.077308
0.564821
-0.315189
0.140742
-0.379823
0.042465
0.918963
1.106538
-1.315916
-1.853697
1.053532
-1.346276
0.079118
-0.203852
0.092799
1.213707
0.799516
-1.846631
-0.165926
0.877228
0.197548
0.019662
-1.767892
-1.328315
-0.278006
-0.334702
-0.438985
0.253043
0.445496
-1.770967
0.981353
-0.977139
0.406509
-1.938324
-0.171591
-0.796412
-1.212604
1.298981
-0.012747
0.730792
0.599400
0.804473
-0.630951
-0.006840
1.106103
-0.780948
0.304021
0.716508
-0.065425
0.502742
0.308818
0.321339
-0.137507
1.434122
-0.364328
-0.242202
-0.373618
-0.865465
-0.808140
-0.165046
-0.281176
1.158087
1.973889
2.192421
1.458073
0.220031
1.798697
-1.628471
0.470623
1.141190
-1.750667
0.435626
-1.584490
0.136967
2.849531
1.717923
-0.481196
-0.177643
1.064821
0.887911
0.222122
1.858630
0.932367
-0.640034
-0.933361
1.523194
-0.934140
0.619893
1.103556
0.669602
-0.418203
-1.625903
-0.122691
-1.241002
-1.502634
-1.709050
1.003261
0.424794
0.639213
-1.239425
0.247560
0.008534
-0.548764
2.472155
-0.723901
-0.533451
-0.174490
0.280017
0.769418
0.005050
-0.479218
0.402870
0.989291
-1.649440
0.631090
-0.078479
-0.466397
2.115336
0.906218
-0.872299
-0.619736
-1.677527
-2.274544
0.185014
-0.112871
0.256736
0.295061
0.725621
-0.967140
1.770633
-1.511266
-0.609611
-1.107775
1.116282
-0.401229
-1.790758
0.103647
-0.312256
0.537818
0.578329
-1.137495
-0.526191
-0.772780
-1.574454
-0.005564
1.121779
1.100319
-0.307804
-0.012763
-0.630662
0.654839
-0.563582
0.335915
0.224072
-1.029941
0.241069
-0.550908
0.503272
1.116391
0.021312
0.121070
-1.028023
1.525475
-0.818465
0.737978
1.019615
0.307515
0.896667
-1.752606
-0.143841
0.183962
-0.363264
0.434829
-0.470816
-0.350382
0.412271
-1.580543
-0.859768
0.308543
0.530251
-0.726654
-0.532611
-0.482221
-0.014037
1.207033
-1.130931
1.516738
0.880818
-0.717655
-0.797579
-0.421667
0.832236
-0.651294
0.555345
0.334334
1.980913
0.133418
1.153685
1.988891
0.376414
-1.590648
0.703626
-0.400516
0.783878
2.210503
0.184058
0.108680
-0.304929
0.948957
1.136809
0.286906
-0.030628
0.088247
0.249126
1.222119
-0.188147
0.045159
-0.258931
0.163028
-1.011555
1.717137
0.113469
-1.099165
-0.627022
-1.366530
-0.891000
-2.203044
0.425217
-0.356577
0.156384
-1.174391
-0.602166
0.288038
-0.628740
-0.546917
0.515691
-0.735137
-0.463411
-0.364952
-0.657809
-0.214059
-0.257908
-0.388626
-0.997658
-1.098667
0.862758
-0.151140
-0.070992
-1.238245
-1.497821
0.049960
-0.537983
-0.380712
1.890714
1.079953
1.857516
-0.970586
0.686046
-1.733613
-1.082577
1.014522
0.497335
-0.086291
-1.325544
0.399696
1.002151
-0.793827
0.237755
-0.263939
-0.271812
0.246133
0.788910
0.239058
0.165598
-0.640126
0.096686
-0.484582
-0.176200
-1.117521
-2.482986
0.309452
-0.410320
0.066554
1.480673
-0.278957
0.451783
0.420147
-0.046294
-0.741878
-1.735219
-1.102857
0.726714
0.154736
0.827804
1.832870
2.495385
0.405598
-0.204540
1.316957
-0.645767
-1.653068
0.316851
0.715816
-0.583422
0.457553
-0.050930
-0.570513
0.712499
-1.055983
-0.142546
-0.900580
0.020001
1.238179
-0.240260
1.198887
-1.134902
0.083044
0.028997
-0.932663
0.315532
0.580613
2.374478
0.035535
-0.942774
-2.075033
-1.931704
-2.471578
1.266482
0.974597
0.228827
0.515844
-0.321698
0.883666
-0.253620
0.291134
-2.176432
-0.393290
-1.315240
1.130419
0.929226
0.504447
0.289035
-0.285387
-0.224085
-0.915673
0.001727
1.139999
-0.037596
-0.194084
-1.354421
-0.463191
0.291998
-0.537963
-0.712902
0.400711
-0.027624
0.443242
2.611028
-0.133240
0.321698
-0.873958
-0.756612
-0.304563
1.260880
2.045316
-1.552096
-0.952240
0.456193
0.085698
-0.864749
-0.353845
-0.927118
-0.334101
0.368285
-0.445809
0.166763
-0.532243
-0.774789
-0.496548
0.178287
0.952634
0.107332
0.188228
-1.132643
-1.014515
-1.167087
-1.417409
-0.469536
-1.699213
-0.454661
-0.154454
1.327161
-0.411427
-2.333229
-0.437481
0.386629
0.637694
-0.389807
-3.076251
1.283146
-1.184874
-0.525169
0.245264
-2.019306
0.045886
1.262004
-0.959863
0.381775
1.224201
-0.862509
-1.164902
-0.330231
0.896675
-0.431577
0.598747
0.472716
1.116944
-0.301496
0.861335
-0.822410
0.724950
0.227559
0.768839
0.847127
-0.975374
-0.307854
-1.111521
1.183805
0.452771
0.584425
-1.745251
0.490884
-1.216673
0.534584
-1.208919
-0.443596
-0.163685
0.798150
1.581251
1.271604
0.670637
-1.041155
0.247453
-0.814112
-0.438219
1.079650
0.469511
0.229365
-0.794391
0.856144
0.965448
1.691085
2.548036
1.935816
0.706316
-2.051785
0.734709
1.854517
-0.728970
0.371535
-0.034276
-0.209101
2.203679
-0.669324
-0.167551
-0.736105
-0.149362
-1.200631
0.898545
-0.344183
1.268586
-1.105139
2.487594
-1.151500
-1.578926
-0.118910
0.660516
-1.458511
-0.307224
-1.051654
0.554132
0.319812
0.005447
0.261461
-1.014698
0.353699
0.365375
-0.671633
-0.201570
1.425229
-1.131041
-0.254287
0.835994
-2.697198
2.412264
1.341623
-0.895176
-0.132679
-0.650082
-0.143781
-0.390755
1.659241
-1.199312
-0.841752
-0.053128
0.660452
-1.219465
-0.849507
0.332536
0.200648
-0.262081
-0.892667
0.180952
0.802004
1.699608
-2.006081
-0.411359
0.400639
-0.260324
-0.478932
0.593654
0.434181
-0.734839
-0.167012
-0.574755
1.252541
-1.208729
-0.428377
0.190191
-0.293433
0.163056
1.185349
2.114923
-0.406571
0.992657
0.853308
-0.555475
0.828294
-0.489853
-0.364908
-2.063852
-1.600571
0.240111
-0.146856
-0.881589
-1.254378
0.619753
-0.803024
-0.577215
-0.370134
-0.633356
0.635027
0.085735
0.227197
-0.579862
-0.709887
0.857673
0.464014
-0.750447
-0.333649
-1.606950
0.919519
0.772556
0.125364
0.290286
1.731286
1.269129
0.699373
-0.347033
-1.062032
1.698936
-0.872038
0.030420
0.037020
-0.461315
-0.244806
0.883111
0.331521
-1.766308
-1.267028
-1.150710
0.567566
0.007486
-2.304691
0.678054
-1.100933
-2.084214
0.621906
-0.444822
-0.551958
-0.058863
-1.314563
-1.403373
-1.309589
1.427724
0.987516
1.392809
1.478721
0.536704
0.603793
-0.170548
0.020081
-1.029484
0.591543
-0.712302
-0.099380
-0.426941
0.843510
0.180806
-3.653892
0.750571
0.643567
-0.232950
-0.500730
0.457104
-0.569416
-1.391729
0.783058
0.631589
-0.335871
-0.837167
-1.777573
-0.071386
0.684517
-0.329732
-1.767382
-0.255032
-0.664035
-1.273936
-0.406432
-0.535408
0.727463
-0.075324
-0.696743
0.968932
0.366016
-0.628945
1.317642
-0.649794
0.405998
-1.442898
0.421605
-0.171955
2.295047
0.580228
-0.885428
-0.544690
0.026230
-0.093498
-0.220235
-1.431902
-0.386870
0.400653
-1.413131
0.959146
-2.800355
-0.157809
-0.467610
-2.384236
0.958077
0.884540
-0.370576
-1.442892
-0.121798
1.739608
-0.567355
-0.726750
-0.564328
-2.266565
1.084876
-2.209162
-0.947280
0.782542
1.331350
-0.207846
-0.204747
0.484317
-2.127097
0.145390
-0.931706
0.480859
1.218494
0.911314
-1.437162
-0.109036
0.569387
0.791164
-0.185540
-1.104665
0.821912
-0.158487
-0.529809
0.766181
-0.633994
0.613397
0.195127
-0.077366
-0.356429
-0.919083
1.271589
-1.060220
-0.532444
-0.831306
0.559153
-1.313417
1.915077
-0.435026
0.039335
-0.493461
0.416401
-0.594202
0.498163
0.598237
1.579125
0.418767
-1.521633
1.097900
-1.077814
1.346123
0.215751
-2.042813
-1.049162
0.925569
1.881329
-1.641254
-1.735371
-0.661823
0.061204
-0.409338
-0.729734
-0.027256
0.648798
0.541621
1.309588
0.499108
-1.021646
-1.007128
-1.030216
-0.407254
-0.583713
-1.241649
-0.482343
0.324626
-0.995362
-2.392991
1.871071
-0.863979
1.064575
-0.321305
1.200140
-0.713177
-0.279767
1.652671
-1.323284
0.118829
1.399498
-0.457718
-0.847475
-0.935732
-0.637090
0.682107
0.012741
-0.799677
0.055140
0.490971
-0.166952
-0.306718
0.847413
-1.793048
0.266696
-0.229027
-0.203579
-0.748305
0.843713
0.094622
0.203010
0.499283
-0.742586
-0.069259
0.965464
-0.316870
0.431222
-1.632282
0.459782
0.406272
0.340555
-1.075120
1.649242
-0.213834
1.805047
-0.883742
1.088570
0.187473
-0.739999
0.752694
0.756271
0.003761
-1.029349
0.296454
-1.412307
0.692290
-0.674667
0.708407
1.136118
0.111916
-0.188497
-1.539084
0.085143
-0.035979
-1.624170
-1.330151
-1.170826
-0.534130
-0.029690
-0.608185
2.617494
-0.072505
-1.377641
1.022991
0.699646
1.227572
0.738980
-0.089623
-0.724965
-1.982496
0.942951
0.153222
1.351053
0.014456
-0.044143
0.815130
-2.114723
-1.270047
0.383120
0.018107
-0.318888
-0.543303
0.767089
1.916032
3.252094
0.042043
-0.760115
0.171216
0.071130
0.130483
-0.468478
-0.363997
-0.218766
0.367392
-0.339258
-0.456285
-0.907883
-0.654735
1.241747
-0.371754
2.212707
0.488349
0.378726
0.477217
1.600442
-1.135378
-1.185448
1.076709
-0.619214
-0.836410
-0.643654
-1.683943
-0.118105
0.566081
-0.295807
0.180375
-0.501818
0.600463
2.684080
0.620087
0.679097
-0.556800
-0.196763
-0.691382
0.337543
0.227155
0.124551
0.258517
-0.346315
1.510131
-0.110274
0.324821
-0.090647
1.349639
-0.420880
-0.416670
-1.489602
-1.278890
2.316402
-1.251383
-1.712568
0.396749
0.938562
-1.898876
-0.357268
-0.578140
-0.186933
-0.070088
0.896499
-0.609254
0.379840
0.278183
0.928921
1.145372
2.646087
0.202107
-0.404710
1.554817
0.832313
0.914297
0.532648
0.564797
0.681394
-0.116047
-1.145048
-0.504128
-0.386745
-1.138093
2.006288
-1.293350
1.761102
-0.096807
1.439010
1.070938
-0.052917
-0.961001
1.778576
-0.777937
-0.145666
0.195672
-0.457499
-0.709338
-0.680456
-0.441121
-0.084943
-1.448535
-0.881026
0.765845
0.000246
-0.107709
-1.280680
0.779325
0.455469
0.485876
1.147315
-1.149505
0.285689
0.441968
0.366569
1.209226
-0.384603
0.298219
0.204841
0.546901
0.430766
-1.992328
-1.909777
1.044116
0.560019
-0.160007
0.347776
-0.101884
1.454395
0.415681
-0.080381
-1.488428
-0.287917
0.821997
1.260275
1.880531
0.418092
-1.979955
-0.618020
0.939543
-1.079459
-0.053167
-0.842926
1.399451
0.194954
0.271819
-1.057409
-0.175423
1.580174
0.130285
-0.506676
-0.771428
-0.168719
-1.124739
-0.677973
-0.821368
0.303952
-0.468949
-0.147219
-0.852201
-0.155357
0.238217
-1.470197
-0.273313
0.004261
0.302847
0.531455
-0.717167
-0.587009
-0.495834
0.683046
-0.172907
-1.211971
1.291331
0.375313
1.475285
0.921424
-0.043906
-0.879176
1.121443
-0.331933
0.258524
-0.752344
0.489023
-0.228114
0.827842
-0.376103
0.943995
-1.601644
0.673560
0.486840
0.570607
0.635576
-0.413002
1.182511
-0.311146
0.241471
